1000 179 10
4 0 5 7 5 3 5 2 1 0 5 6 5 1 5 2 1
28 5 5 1 5 3 5 6 5 4 5 3 5 8 1 4 5 8 5
29 8 5
41 5 5 2 5 0 5 5 5 8 5
63 2 1 3 5 6 5 3 2 5 2 4 5
77 1 5 2 5 3 5 9 5 4 5 1 5
81 7 5 1 5 7 5 9 5 8 5 3 5
84 8 20
86 1 5 1 5 0 5 5 5 0 5
93 6 2 5 5
96 9 5 4 5 8 5 2 5 5 5
102 7 1 0 2 4 1 8 5 1 1 3 1 0 1 6 1 3 2
112 1 5 1 5 5 5 2 5 0 5 8 1 3 5
116 5 5 2 5 0 5 5 5 8 5
117 0 5
120 5 5 4 1 2 5 8 5 2 5 9 5 7 5 8 1 0 5 6 5 0 5 8 5
122 0 5 6 20 6 5 7 5 3 5 7 5
126 3 5
132 7 1 0 2 4 1 8 5 1 1 3 1 0 1 6 1 3 2
133 5 5 0 5 4 5 7 5 6 5
134 6 5 5 5 6 5 6 5 6 5 3 1 3 5
137 4 1 4 5 6 1 8 1 6 1 8 1 9 1 3 5 1 1
141 5 5 4 1 6 1 6 5 2 5 8 5 7 1 8 5 8 5 7 5
144 9 5
150 7 5 7 5
153 3 5 2 1 9 1 0 1 4 1 5 1 1 5 7 1
155 6 5 0 5 0 5 4 5 0 5 9 5 2 5
156 0 5 6 5 5 5 5 5 3 5 6 5 7 5
162 3 1 3 5 7 2 4 5 1 1 9 1 4 5 0 5
163 7 2 0 3 2 1 6 5 3 5 0 1 6 1 2 5 4 2
166 0 5 6 5 6 1 2 5 1 5
203 4 5 9 5 5 5 6 5 9 5 3 5 5 5
215 3 5 7 5 7 5 9 5 5 5
219 8 5 8 1 3 5 0 50 0 5 0 5 5 5
220 5 5 2 5 8 5 9 5 6 5 7 5 1 5 0 5 0 5 8 5 8 5 9 5 7 5
221 7 2 7 5 8 2 9 1 4 1 0 1 4 1 7 1 5 5 3 5 1 1 4 1 2 5 4 5
228 6 5 9 1 9 5 2 5 2 5
231 1 10
240 6 5 0 10 1 5 3 5 4 5 7 5
242 3 1 3 5
243 8 5
256 4 5
262 8 1 1 5
274 6 5 9 1 9 5 2 5 2 5
275 0 20
280 7 5 2 5 2 5 6 5 7 5
283 8 10
291 7 5 7 5 5 5 9 5 0 5 9 5 5 5 2 5
296 9 5 8 5 6 5 5 5 2 5
306 5 5 5 5 2 5 0 5 3 5 9 5 5 5 0 5
308 1 5 3 40 9 5 9 5 0 5 0 5 6 5
325 2 5 6 5 8 5 3 5 3 5 7 5 7 5 4 5
326 4 5 7 5 1 5 7 5 6 5 5 5 3 5 6 5
328 9 5 3 5 4 5 8 5 7 5 4 5 3 5 7 5
331 6 5 3 5 5 5 9 5 6 5 8 5 4 5
346 0 5 3 5 2 1 3 1 5 1 0 5 6 5 4 5 8 5
348 6 5 5 5 9 5 6 5 3 5 9 5 2 5
359 9 5 2 5 4 5 6 5 3 5 2 5 8 30
368 7 1 3 1 5 5 5 5 3 5 7 5
373 3 5
376 3 5 1 5 1 1 1 5 5 5
379 5 5 9 1 4 5 3 5 6 1 6 5 2 5 5 5 6 5 4 5 0 5 2 5
387 0 70
390 5 5 4 1 2 5 2 1 2 5 2 5 6 1
397 5 5 5 1 3 5 9 5 7 5 5 1 8 5 4 5
400 7 2 0 3 2 1 6 5 3 5 0 1 6 1 2 5 4 2
410 4 5 5 1 3 5 7 2 1 5 7 1 1 1 9 5
415 2 1 3 5 6 5 3 2 5 2 4 5
418 1 5
422 1 5 9 5 4 5 0 5 7 5 7 5 8 5
424 0 5 1 5 3 5 3 5 9 5
427 1 5 9 5 5 5 8 5 8 5 8 5 2 5
429 7 5 1 5
431 6 5 2 5 2 5 3 5 5 5
449 6 5 0 10 1 5 3 5 4 5 7 5
453 6 5 6 5 5 5 9 5 8 5 2 5 9 1 7 5 9 5 6 5 9 5
454 4 1 7 5 1 1 6 1 6 1 1 1 0 1
462 9 5 7 10 0 5 9 5 6 5 5 5 7 5
463 3 5 4 5 2 5 4 5 6 5 0 5 4 5
464 6 5 9 5 6 1 7 5 3 5 1 5 7 5 5 5 7 5 4 5
473 4 10
478 8 5 2 5 4 5 1 5 9 5 5 5 0 5
479 4 10 0 5 8 1
481 2 5
484 8 10
510 5 10
511 2 5 8 5 8 1 8 5
513 8 5 2 5 9 5 7 5 7 5
517 1 5 8 5 1 5 3 5 6 5
540 8 5 8 2 5 2 0 1 2 1 9 1 7 1 9 1 2 5 4 5 2 5 4 1 4 1 1 5 5 5 4 5
549 4 10
555 2 3 0 3 7 8 5 6 6 1 5 5 6 1 3 2 3 2 6 1 3 5 1 1 0 3 6 1 3 1 4 5
557 9 1 3 1 9 1 4 5 6 1 6 2 9 2 2 1 0 1 5 1
560 2 10
570 1 1 3 2 6 2 3 5 6 1 6 1 5 1 4 5 3 5 8 1 4 1 7 1 8 5 6 5
578 0 2 6 5
582 6 5 4 5 7 1 7 1 7 1 6 5 6 1 7 2 1 2 8 1 9 5 3 1 0 5 1 5 1 1 4 5
598 5 5 2 5 7 5 0 5 3 5 1 5 4 5
599 6 5 8 1 7 5 4 2 5 5 5 1 9 1 8 5
605 5 5 4 2 8 5 0 1 6 1 3 1 8 5
606 9 1 8 2 9 1 8 5 5 1 0 5 9 1
623 8 5 1 5 1 5 9 5
632 4 5 1 10
645 2 5 5 10 8 5 3 5 5 5 6 5 2 5
647 4 1 4 5 4 1 2 1 2 1
650 7 5 1 5 4 5 8 5 2 5 2 5 7 5 4 5
653 6 5
657 2 5 5 10 6 5 6 5 0 5 0 5 9 5
661 6 5 0 5
663 3 5 0 5 2 5 4 5 3 5
677 9 5
678 8 10
680 2 5
682 5 5 2 5 7 5 0 5 3 5 1 5 4 5
690 9 10
692 7 1 0 1 9 1 9 2 1 5
694 6 5 3 20 0 5 6 5 4 5 5 5
704 6 1 9 1 3 5 0 2 6 5 3 1 3 5 0 5
706 6 5 5 5 8 5 8 5 9 5
710 4 5 9 5 1 5 7 5 3 5 3 5 4 5 5 5
713 5 5 1 3 9 4 7 1 2 2 7 1 0 1 1 5 8 5 3 1 6 2 7 2 6 5 4 5
726 1 5 6 5 0 5 1 5 4 5 5 5 0 5 7 5
729 9 5 8 5 1 5 9 5 6 5 4 5 6 5
730 0 5 0 5 4 1 9 5 4 5
732 3 5 2 1 9 1 0 1 4 1 5 1 1 5 7 1
743 6 5 3 5 9 5 9 5 8 1 1 5
746 2 5 8 5 8 1 8 5
747 4 5 0 5 6 5 6 5 5 5
749 0 5 5 5 2 5 8 5 8 5 0 5
752 4 1 1 5 1 5 4 1 8 2 7 2 4 5 4 5
754 3 5
756 1 5 5 5 2 5 4 5 9 5 5 5 8 5 7 5
758 6 5 8 1 8 5
763 8 5 0 5 0 5
771 8 5 4 2 1 5 5 3 0 5 7 2 9 1 6 5
772 7 5 7 5 7 5 6 5 7 5 0 5
773 7 5 7 1 8 5 3 2 7 2 1 5
786 5 5 9 1 8 2 9 1 9 1 8 1 0 2 4 5
793 5 5
809 3 5
810 6 5
812 0 5 1 10 4 5 2 5 7 5 4 5 0 5
817 0 5 7 1 2 1 3 1 9 2 5 2 1 1 1 5
818 5 5 7 5 0 5 6 5 3 1 6 5 2 5 8 5 0 5 8 5 9 5 0 5
820 5 5 5 5 1 5 3 5 4 5 3 5 0 5 7 5 4 5
821 5 5 0 5 4 5 2 5 8 5 9 5 8 5 3 5
826 7 5 7 5 5 5 9 5 0 5 9 5 5 5 2 5
827 0 5
828 7 5
840 8 20
841 3 5 7 5 6 5 2 5 7 5 4 5 0 5 6 5
858 8 5 6 5 7 5 7 5 7 5 1 5 3 5 8 5
859 3 5 5 5 8 5 5 5 6 5 9 5 9 5 0 5
862 4 5 3 5 9 5 0 5 9 1 7 5
863 5 10
867 5 5 5 5 6 5 4 5 7 5 0 5 0 5
871 4 5 8 1
873 4 5 2 5 9 5 1 5 7 5 8 5 3 5 0 5
875 1 5
885 7 1 0 2 4 1 8 5 1 1 3 1 0 1 6 1 3 2
909 9 5 4 5 8 5 2 5 5 5
928 1 30
929 4 5 3 5 5 5 9 5 6 5 0 5 0 5 6 5
936 5 5 0 5 4 5 2 5 8 5 9 5 8 5 3 5
938 1 10
946 6 5
947 7 10
948 1 5 5 5 2 5 4 5 9 5 5 5 8 5 7 5
950 6 5 9 1 9 5 2 5 2 5
954 4 5 5 5 5 5 4 5 4 5 3 5 2 5 4 5
961 2 10
967 5 10
972 0 5 3 5 8 1 8 1 1 5 5 5 6 5 8 1 3 1 0 1 8 1 7 1 6 2 8 2 6 5 1 5
977 6 5 4 5 7 5 8 1 4 5 2 1
985 4 1 4 5 6 1 8 1 6 1 8 1 9 1 3 5 1 1
986 2 5
989 1 5 3 5 7 1 0 2 4 2 0 1 5 1 7 1 1 1 3 5 3 1 4 1 7 5 6 1 5 5
993 6 5
996 9 1 3 5
