1000 192 10
0 5 5 2 30 5 5 9 1 9 5 6 5
1 5 5 1 5 6 5 2 5 7 5 6 5 4 5 7 5 5 5
13 4 5 6 5 6 5 2 5 7 5 3 5 1 5
15 3 5 9 5 6 5 1 5 3 1 7 5 0 5 5 5 8 5 1 5
23 0 5 4 5 3 5 4 5 1 5 4 5 4 1 9 5 2 5 0 5
26 6 5 4 5 8 1
30 9 1 5 5 1 5 0 1 3 1
36 6 2 1 5 9 5 7 1 6 3 6 3 4 2 5 5 1 4 4 11 0 9 3 1 9 4 5 2 5 1 2 2
50 6 5 8 1 7 5 4 2 5 5 5 1 9 1 8 5
51 1 1 1 1 1 2 2 1 0 4 3 3 4 5 5 5 1 5 6 2 7 2 8 1 3 5 7 5
57 3 5 5 1 5 1 5 1 3 1
62 8 5 2 5 9 5 3 1 2 1 2 5 3 5 8 5
69 5 5
73 8 5 6 5 7 5 0 5 0 5 5 5 6 5 2 5
81 3 5
84 9 5 0 4 4 3 5 1 3 1
95 0 5 3 5 2 1 3 1 5 1 0 5 6 5 4 5 8 5
121 1 1 6 5
123 8 5 2 5 4 5 1 5 9 5 5 5 0 5
125 3 5 4 5 5 5 4 5 2 5 3 5 3 5 0 5
126 6 5
134 5 1 0 1 7 5 0 5
138 2 1 7 5 8 1 2 5 7 5 4 1 6 1
142 1 1 5 2 4 1 4 1 4 1
145 9 1 7 5
149 5 1 4 1 7 2 8 1 7 1 6 1 0 2 6 5
151 5 5
164 0 1 9 5 7 5
170 2 5 6 5 0 5 7 5 5 5 1 5 7 1 5 2 2 1 6 5
174 7 5 8 1 2 2 5 1 6 1 5 1 8 1 0 1 3 5 0 5 6 5 2 1 0 1 7 5 2 5 2 5 5 1
176 9 5 9 5 6 5 3 5 7 5 6 5 9 5 1 5 5 5
177 9 1 7 5
185 3 5
190 9 5 7 10 0 5 9 5 6 5 5 5 7 5
194 5 5 2 30 5 5 9 1 9 5 6 5
203 1 5 3 40 9 5 9 5 0 5 0 5 6 5
204 7 10
205 1 5 8 10 8 5 8 5 9 5 3 5 7 5
214 0 5 3 10 9 5 0 5 9 5 8 5 9 5
222 0 5 5 4 6 3 8 5 8 1 7 1
228 9 5 2 5 4 5 6 5 3 5 2 5 8 30
235 0 1 6 5
242 4 20
247 5 5 0 50 1 5 1 1 5 1 0 5
249 3 5 3 1
255 7 5 8 5 2 1 7 1 5 1 8 5
256 7 5 1 5
260 8 1 4 1 2 5 7 5 0 5 7 1
261 5 5 2 5 6 5 5 5 6 5
267 2 5 9 1 7 5 4 5 4 5 8 1 8 1 2 2
272 0 5 7 5 1 1 0 5 5 5
273 4 1 7 5
277 9 5
279 1 10
290 4 5 5 1 3 5 7 2 1 5 7 1 1 1 9 5
293 8 5 2 5 9 5 7 5 7 5
294 6 5
295 4 5 9 1 5 1 8 5 5 1 5 5
304 6 1 7 2 2 5 1 1 3 5 6 1 0 1
306 3 5 0 1
309 6 5
310 3 5 9 5
314 9 5
315 9 5 3 5 1 5 6 5 8 5 1 5 6 5 6 5
317 5 1 0 1 3 5 1 5 4 5 6 1 9 1 8 1 7 1 8 1 4 2 5 2 3 5 9 5 3 5 1 5
324 2 10
334 8 5 6 5 7 5 0 5 0 5 5 5 6 5 2 5
335 9 5 7 1
336 8 5 1 5 0 5 2 5 0 5 5 5 4 5 4 5
337 7 10
339 5 5 4 5 8 5 2 5 5 5 5 5 5 5 0 5
351 4 1 8 5 7 1 2 5 6 5 0 5 3 1
356 4 1 4 5 6 1 8 1 6 1 8 1 9 1 3 5 1 1
361 9 1 5 1 4 1 0 1 2 1 3 5 2 5 0 1
365 5 5
377 3 5 4 5 5 5 4 5 2 5 3 5 3 5 0 5
382 8 5 7 5 4 5 0 5 3 5 5 5 8 5 4 5
386 7 5 7 5
389 1 1 6 5 6 5 6 5 3 5 6 5 1 5 6 5 7 5 6 5
397 0 5 7 5 1 5 1 5 8 5 6 5 1 5
398 9 5 7 1 5 1 8 1 5 5
404 3 5
409 6 5 9 5 2 1
415 4 10
445 5 2 7 5 6 1 9 1 0 1 8 1 4 1 6 2 4 1 1 5
447 0 5 7 5 1 1 0 5 5 5
452 4 5 4 1 4 1 6 1 7 2 0 5 3 5 1 5
457 9 5 7 5 3 5 8 5 2 5 9 5 8 5 1 5
463 7 5 9 2 5 5 0 1 6 1 5 1 6 5
471 3 2 3 5
477 5 5 6 5 5 1
481 5 5 8 5 9 5 9 5 9 5 5 5 2 5
484 9 5 2 5 9 5 2 5 2 5
488 8 5 0 5 0 5
492 8 5
493 6 5 8 1 7 5 4 2 5 5 5 1 9 1 8 5
498 8 1 3 5
515 4 1 4 1 5 1 6 1 3 5
521 6 5 6 5 3 1 7 1 8 1 9 5 0 5 8 1 7 1 0 1 3 1 2 2 1 2 2 5
528 4 1 4 4 5 1 9 1 3 1 4 5 7 2 3 2 0 5 1 5 0 5 2 5 4 5 1 5
534 6 2 5 2 9 1 7 5 2 5 0 1 4 2 2 3 8 5 5 5 0 1 3 4 8 2 1 1 2 8 6 5 2 4 7 5
536 4 1 7 5
545 8 5 7 5 6 5 7 5 1 5 7 5 4 5 5 5
548 4 5 1 2 3 2 8 1 1 5
558 4 5
563 4 5
569 1 5 3 5 7 1 0 2 4 2 0 1 5 1 7 1 1 1 3 5 3 1 4 1 7 5 6 1 5 5
570 7 2 8 1 3 1 4 5 9 5 9 1 4 5
572 4 5 2 5 0 5 9 5 4 5 3 5
580 9 5 5 5 2 5 0 5 6 5 7 5 1 5 6 5 2 5
583 0 5 9 5 6 5 9 5 6 5
588 1 5 1 30 9 5 4 5 0 5 4 5 4 5
589 5 5 8 1 6 5 5 5 0 5 1 5 7 5
596 4 1 6 1 6 1 5 5 9 1
598 7 1 7 5 3 5 8 5 7 5 5 10 6 5
603 8 5
610 3 5 9 5
613 0 1 0 5 4 5 9 5 4 5 7 1 0 5 3 5 0 5
615 7 5 1 5 0 5 9 5 3 5 7 5 4 5
618 0 5 5 5 2 5 3 5 0 1 3 5 8 5
619 8 1 0 5 2 5
631 6 1 0 5
639 3 5 7 1 9 1 6 1 5 1 7 2 2 2 2 5 1 5 3 1 8 1 2 1 4 5 8 5
641 0 20
653 8 5 3 5 4 5 3 5 5 10 4 5
665 7 5
666 7 5 1 5 8 5 2 5
669 2 5 5 5 3 5 0 5 2 5
682 9 5 2 5 2 5 0 1 4 1
684 2 10
689 8 5 3 5 1 1 6 1 8 1 9 5 9 5 0 1 1 1 3 1 1 1 4 2 0 2 0 5
701 0 1 8 5 4 1 0 1 4 5 0 5
705 5 5 3 10 0 5 6 5 3 5 6 1 2 5
715 2 10
721 8 5
726 2 5 3 5 1 5 4 5 9 5 9 5 7 5 4 5 8 1
732 0 1 7 5
740 2 5 7 5 3 5 7 5 0 5
750 9 5 7 1 2 1 6 2 2 1 5 1 9 1 4 2
759 6 10
760 7 5 3 1 2 1 7 1 2 5
761 1 5 5 5 2 5 4 5 9 5 5 5 8 5 7 5
765 8 5 9 5 2 5 8 5 7 5 3 5 4 5
766 2 5 0 5 1 5 5 5 2 10 4 5
771 1 5 7 5 5 5 0 5 6 5 1 5 7 5
772 2 5 5 10 8 5 3 5 5 5 6 5 2 5
777 4 5
778 4 5 8 5 3 5
781 5 5 4 2 2 2 1 1 2 5
782 5 5 8 5 7 5 1 5 2 5 9 5 0 5
786 2 5 9 5 3 5 4 5 9 5
787 3 5 7 5 6 5 2 5 7 5 4 5 0 5 6 5
790 1 1 5 5 9 1 6 1 7 5 1 2 9 5 5 5 7 2
793 4 20
800 2 10
802 8 5 4 1 1 1 3 5 2 1 8 1 3 1 2 2
809 8 10
811 2 5 0 5 1 5 5 5 2 10 4 5
823 6 5 5 5 2 5 7 5 2 5 2 5 0 5 5 5
830 1 5 5 5 2 5 4 5 9 5 5 5 8 5 7 5
832 0 1 8 5 9 5
834 6 5 3 5 5 5 9 5 6 5 8 5 4 5
837 9 5 6 2 6 2 3 5 4 1 3 5 7 1
840 6 5 4 5 7 5 8 1 4 5 2 1
842 0 5 7 1 5 5
845 5 5 2 1 3 1
846 5 5 0 50 1 5 1 1 5 1 0 5
851 6 5 3 20 2 5 5 5 5 5 3 5 8 5
854 9 5
857 8 5
867 6 5 8 1 8 5 0 1 0 5 2 5 1 5 8 1 5 1 8 5 5 5
870 3 5 0 1 6 5 0 5 4 1 8 1 8 1
874 3 1 9 5
877 5 5 0 5 4 5 0 5 0 5 6 5 6 5
884 8 5 7 5 9 5 3 5 6 5
885 3 5 9 5 6 5 1 5 3 1 7 5 0 5 5 5 8 5 1 5
888 2 5
906 8 5 0 10 5 5 5 5 6 5 2 5
909 5 5
912 3 5 7 1 9 1 6 1 5 1 7 2 2 2 2 5 1 5 3 1 8 1 2 1 4 5 8 5
913 7 5 4 5 8 5 5 5 7 5 0 5 7 5 9 5 3 5
929 4 1 8 3 9 2 3 1 4 1 6 1 7 1 7 5 8 5 6 5 0 1 2 1 5 5 7 1 9 5
949 7 1 4 1 7 1 0 1 8 1 5 1 0 5 6 5
953 3 5 7 5 7 5 8 5 3 5 2 5 8 5
955 7 5 7 5 0 5 1 5 8 5 8 5 7 5 8 5
957 0 5 8 5 3 5 9 5 8 5 7 5 7 5
959 5 5 9 1 4 5 3 5 6 1 6 5 2 5 5 5 6 5 4 5 0 5 2 5
962 0 1
974 9 5 2 5 1 5 4 5 0 5 0 5 7 5
975 5 5 5 10 9 5 2 5 7 5 5 5
985 9 5
993 8 1 8 1 8 5 9 1 3 1 1 1 7 1
