1000 189 10
7 2 5 7 5 3 5 7 5 0 5
11 7 1 3 1 3 2 0 2 2 1 1 5 2 5 6 1
14 1 2 7 2 8 2 0 5 6 1 7 1 5 1 5 5 1 1 2 5 4 1 5 5
15 3 5 4 5 2 5 4 5 6 5 0 5 4 5
21 9 5 8 5 3 5 5 5 4 5 7 5 0 5
31 6 5 1 1 8 5 9 2 4 5 6 1 2 1 3 5
44 5 5 9 1 2 5
57 9 5
58 2 40 0 5 5 5 8 1 4 5 4 5
59 8 5 9 5 2 5 8 5 7 5 3 5 4 5
60 3 1 8 5 3 5 2 2 8 2 4 5 0 5 1 5
76 2 5 7 5 5 5
84 1 2 7 2 8 2 0 5 6 1 7 1 5 1 5 5 1 1 2 5 4 1 5 5
88 8 1 9 1 1 1 2 1 3 1 7 1 4 1 4 5
93 4 5 0 5 7 5 8 5 5 5
94 6 5 7 1 2 1
98 2 5 2 5 6 5 4 1 2 1 0 5 4 5 1 5 8 1 0 1 2 1 1 1 4 1 9 2 8 2 4 5
99 4 1 4 5 4 1 2 1 2 1
102 5 5 1 5 6 5 2 5 7 5 6 5 4 5 7 5 5 5
119 8 5 5 5 4 5 4 5 8 10 3 5
121 0 1 1 5 1 5 4 1 8 1 5 5 2 5 4 5 5 1 8 5 0 5 3 5
124 4 5 0 2 2 5 0 5 0 1 8 1 6 1
125 2 5 5 2 3 5
126 8 5 4 5 4 5 1 5 2 5 9 5
129 4 5 4 5 3 5 6 5 0 5 3 5 8 5
136 4 5 6 5 0 1 1 1 2 5 9 5 8 5 8 5
148 8 5 3 5 9 5 2 5 4 5
154 9 5 5 5 7 5 6 5 3 5 5 10 8 5
162 1 5 3 5 7 1 1 1 2 1 9 1
177 0 5 3 5 8 5 0 1 3 5 4 5 7 5 5 5 3 5 2 5
185 3 5 7 5 6 5 2 5 7 5 4 5 0 5 6 5
186 0 5 3 5 2 1 3 1 5 1 0 5 6 5 4 5 8 5
189 1 5 6 5 1 5 1 5 8 5
191 9 1 9 1 5 1 8 5 4 5
202 0 5 9 5 3 5 7 5 3 5
212 7 5 1 5 8 5 2 5
214 8 2 7 2 9 1 2 5 8 5 0 1 7 5 0 5
217 5 5 1 3 9 4 7 1 2 2 7 1 0 1 1 5 8 5 3 1 6 2 7 2 6 5 4 5
221 7 1 0 1 9 1 9 2 1 5
227 6 5
228 4 5 6 5 5 5 4 5 6 5 7 5 4 5 3 5
229 0 5 1 5 1 1 6 1 5 1 0 1
231 9 5 0 4 4 3 5 1 3 1
232 9 3 2 4 6 1 7 1 9 5
236 6 5 3 5 9 5 9 5 8 1 1 5
241 7 5 8 10 7 5 1 5 3 5 1 5
245 9 5 1 5 9 5 0 5 1 10 2 5
246 3 5 5 5 6 5 0 5 4 5
263 2 5 7 5 7 5 9 5 3 5
293 6 5 7 10 9 5 6 5 5 5 9 5
302 0 5 3 5 8 5 0 1 3 5 4 5 7 5 5 5 3 5 2 5
303 9 5 8 5
305 3 5 2 5 9 5 2 5 8 5 7 5 7 5
308 0 5 7 5 3 5 2 1 0 5 6 5 1 5 2 1
316 2 5 2 5 9 5 3 5 1 5
318 5 5 6 20 5 5 6 5 9 5 5 5 9 5
319 5 5 4 1 2 5 2 1 2 5 2 5 6 1
320 1 2 9 2 5 1 2 2 2 2 0 4 7 4 9 5 1 5 0 5 4 5 7 1 5 2 6 1 4 5 0 1
328 0 5 3 5 3 1 3 5 0 5 3 5 5 5 2 5 5 5 3 5
329 4 5 3 5 9 5 2 5 3 5
334 5 5 2 1 3 1
335 5 5 4 1 6 1 6 5 2 5 8 5 7 1 8 5 8 5 7 5
350 4 5 7 5 0 5 2 5 0 5 5 5 7 5 9 5
354 6 5 0 5 5 5 9 5 9 5 3 5 3 5 1 5
368 6 5 8 1 8 5 0 1 0 5 2 5 1 5 8 1 5 1 8 5 5 5
373 9 10
374 8 5 1 5 7 5 2 5 9 5 8 5 0 5
376 6 1 7 1 8 5 4 1 4 1
380 9 5 3 5 4 5 8 5 7 5 4 5 3 5 7 5
388 5 5 4 5 8 5 2 5 5 5 5 5 5 5 0 5
390 3 5
391 2 10
394 6 5 8 5
402 6 5
405 4 5 6 5 6 5 2 5 7 5 3 5 1 5
417 7 5 3 5 0 5 5 5 3 5 5 5 6 5
430 7 5 9 5 3 5 7 5 0 1 4 5 7 5 2 5 4 5 2 5
437 4 5 9 5 5 5 6 5 9 5 3 5 5 5
448 1 5 6 5 0 5 1 5 4 5 5 5 0 5 7 5
452 7 5 5 5 6 5 0 5 0 5 6 5
466 7 5
468 9 1 5 1 4 1 0 1 2 1 3 5 2 5 0 1
469 2 10
470 3 5 2 5 3 5 2 5 6 5 6 5 5 5
471 0 5 5 4 6 3 8 5 8 1 7 1
474 8 1 9 5
476 5 5 6 5 5 1
477 5 5 0 50 1 5 1 1 5 1 0 5
486 8 10
487 6 40
490 0 5 5 5 2 5 8 5 8 5 0 5
493 6 5 0 5
505 0 1 0 5 4 5 9 5 4 5 7 1 0 5 3 5 0 5
511 1 5 5 5 8 5 4 1 8 5 1 5 4 5 7 1
515 5 5 3 2 9 5 1 3 4 5 9 2 1 1 5 5
524 4 5 3 5 4 5 5 5 4 5 0 5 7 5 9 5
528 9 5 0 1 4 5 4 2 0 5 1 1 2 1 7 5
529 2 5 8 1 5 5 2 5 5 5 7 5 9 5
534 8 5 5 5 9 5 1 5 0 5 5 5 4 5 5 5
539 6 5 9 10 5 5 4 5 4 5 0 5
543 8 2 7 2 9 1 2 5 8 5 0 1 7 5 0 5
544 0 1 6 5 7 5 3 1 1 1 4 1
556 6 5
569 9 5 0 4 4 3 5 1 3 1
570 4 1 4 5 6 1 8 1 6 1 8 1 9 1 3 5 1 1
578 7 5 9 5 6 5
587 6 2 5 5
598 8 1 9 5
599 2 1 8 1 1 1 9 5
600 3 2 1 2 4 5 7 5 5 1 8 5
601 7 2 5 5 0 1 1 1 6 5 2 5 9 1 9 5
614 4 5 4 1 4 1 5 1 7 5 2 5
618 5 5 9 5 7 5 0 5 7 5
619 1 5 1 5 5 5 2 5 0 5 8 1 3 5
622 5 30 5 5 8 5 6 5 1 5 3 5 9 5
624 1 1 6 1 7 1 7 5 0 5 1 5 5 2 0 2 6 1 9 1 9 1 0 1 2 5 8 5
628 6 5
631 0 30
632 5 5 1 5 3 5 6 5 4 5 3 5 8 1 4 5 8 5
637 9 1 3 5 1 5 0 5 5 5
641 2 10
643 8 5 2 10 5 5 9 5 9 5 5 5 2 5
654 7 1 8 1 1 1 1 1
664 3 5 2 1
665 1 5 5 5 0 5 5 5 7 5 0 5 8 5
669 0 5 5 5 3 5 0 5 0 5 0 5 8 5
680 1 5 2 5 7 5 3 5 7 5
681 3 5 2 1
689 9 5 8 5 6 5 5 5 2 5
697 7 5 5 5 6 5 4 5 6 5 2 5 9 5
701 5 5
704 9 5 8 5 7 5 2 5 4 10 3 5
709 7 5 7 5 5 5 9 5 0 5 9 5 5 5 2 5
712 4 5 6 5 0 1 1 1 2 5 9 5 8 5 8 5
714 6 20
715 8 5 9 5 2 5 8 5 7 5 3 5 4 5
722 8 5 7 5 9 5 3 5 6 5
732 3 1 5 5
738 9 1 8 5 3 5 7 1 4 1 5 1 5 1 7 2 0 2 6 5 1 1 8 1 9 5 6 5
745 7 5 2 5 2 5 5 5 8 5 5 5 4 5 8 5 5 5
750 7 5 7 5 7 5 6 5 7 5 0 5
751 6 5
752 5 5 1 5 7 5 8 5 1 5 3 5 0 5 0 5
760 6 5 2 5 2 5 3 5 5 5
761 9 5
765 0 5 9 5 3 5 7 5 3 5
769 9 5 4 5 1 5 1 5 2 1 3 5 1 5 2 5
784 5 5 9 5 7 5 0 5 7 5
790 4 5 0 5 2 5 6 5 3 5
800 2 5 2 5 9 5 3 5 1 5
802 1 1 5 5 9 1 6 1 7 5 1 2 9 5 5 5 7 2
803 4 1 0 2 7 2 5 5 2 5 6 5 9 5 3 5 0 5 0 1 8 1 3 4
808 9 5 9 5 9 5 9 5 2 5 5 5 2 5 0 5
811 9 5 2 1 3 5 2 2 8 5 5 1 3 1 8 5
812 3 5 3 5 8 5 1 5 5 5 3 5 8 5 5 5
822 9 2 2 2 4 5 1 5 4 1 5 5
829 6 5 9 1 9 5 2 5 2 5
832 4 5 5 5 8 5 1 5 7 5 1 5 8 5 8 5
845 6 5 1 5 1 5 6 1 3 1 7 3 6 4 1 5
846 4 5 2 5 9 5 1 5 7 5 8 5 3 5 0 5
848 9 10
851 0 1 0 5 9 5
864 9 5 3 5 4 5 8 5 7 5 4 5 3 5 7 5
865 1 5 5 5 0 5 5 5 7 5 0 5 8 5
869 1 10
881 9 10
883 1 10
888 3 5 9 5 6 5 1 5 3 1 7 5 0 5 5 5 8 5 1 5
893 3 5 2 5 7 5 6 5 0 5 5 5 6 5 1 2 8 5
896 9 5 0 4 4 3 5 1 3 1
900 8 5 7 5 4 5 0 5 3 5 5 5 8 5 4 5
903 8 1 3 5
906 3 5
907 7 5 1 5 2 5 0 5 2 10
921 2 1 7 5 6 1 8 1 2 5 8 5
923 3 5 9 5
925 0 5 2 5 2 5 3 5 6 5
930 6 1 7 1 8 5 4 1 4 1
933 7 5 9 5 9 1 0 1 1 5 4 5
951 2 5 7 5 7 5 9 5 3 5
952 0 5 7 5 6 1 1 5
957 4 5
962 3 5 7 5 5 1 7 5 2 5
966 7 1 3 1 1 1 0 2 3 1 6 5 7 4 2 5 4 5 3 5 8 5 1 1 4 2 7 5 5 5 1 5
969 1 5
971 4 10
977 5 20
979 1 5 2 1
988 5 5 4 5 8 5 5 5 4 5 7 5 8 5 6 5
