1000 165 10
1 5 5 8 2 2 2 2 5 6 1 7 5
2 6 1 7 1 8 5 4 1 4 1
12 3 5 4 5 5 5 4 5 2 5 3 5 3 5 0 5
24 0 1 9 5 7 5
34 2 3 5 4 2 5 6 1 7 1 5 5
36 5 5 6 20 5 5 6 5 9 5 5 5 9 5
39 3 5
48 9 5
53 9 1 1 5 1 1
68 4 5
69 9 5 0 10 0 5 5 5 4 5 1 5 4 5
73 7 5 8 1 2 2 5 1 6 1 5 1 8 1 0 1 3 5 0 5 6 5 2 1 0 1 7 5 2 5 2 5 5 1
75 5 1 3 5
77 4 5
83 7 5 6 5 3 5 1 5 4 5
90 0 5 9 5 3 5 7 5 3 5
91 5 5 7 5 1 5 2 5 7 5 4 5 0 5
95 8 20
100 0 5 9 10 2 5 9 5 7 5 3 5 7 5
119 2 5 9 1 7 5 4 5 4 5 8 1 8 1 2 2
120 5 5 4 5 2 5 9 5
122 3 5 6 5 2 2 3 2 5 1 9 5 9 5 8 5 5 4 3 4 6 2 6 2 9 1 8 2
123 3 1 8 5 4 2 6 5 9 1 3 1 1 5
131 6 5 9 10 5 5 4 5 4 5 0 5
135 3 5
141 0 1 2 5
155 2 5 9 1 8 5 1 5 9 5 5 1 3 5 2 5 4 5
178 1 5 3 5 7 1 1 1 2 1 9 1
184 5 5 1 5 7 5 8 5 1 5 3 5 0 5 0 5
187 6 5
195 7 5 8 1 2 2 5 1 6 1 5 1 8 1 0 1 3 5 0 5 6 5 2 1 0 1 7 5 2 5 2 5 5 1
200 9 1 8 5 3 5 7 1 4 1 5 1 5 1 7 2 0 2 6 5 1 1 8 1 9 5 6 5
211 9 5
213 0 5
215 0 70
223 9 1 7 5
227 6 30
228 1 5 1 5 4 5 8 5 4 5 5 1 1 5
249 8 1 2 5 2 5 5 5 1 5 1 5 2 1 9 1 8 1 5 1 8 2 7 2 6 1 3 1
250 9 5 3 5 4 5 3 5 9 5
252 8 5 0 10 1 5 1 5 7 5 2 5 6 5
253 9 10
262 4 5 0 5 2 5 6 5 3 5
263 5 5 2 5 8 5 9 5 6 5 7 5 1 5 0 5 0 5 8 5 8 5 9 5 7 5
270 8 5 8 1 3 5 0 50 0 5 0 5 5 5
272 6 2 5 2 9 1 7 5 2 5 0 1 4 2 2 3 8 5 5 5 0 1 3 4 8 2 1 1 2 8 6 5 2 4 7 5
274 3 5 2 1
284 4 5 3 5 6 5 2 5 8 5
290 2 5 9 5 9 5 2 5 5 5 2 5 7 5 2 5
292 4 1 8 3 9 2 3 1 4 1 6 1 7 1 7 5 8 5 6 5 0 1 2 1 5 5 7 1 9 5
297 8 5 2 5 4 5 1 5 9 5 5 5 0 5
301 7 5 7 5 5 5 9 5 0 5 9 5 5 5 2 5
314 3 1 7 1 4 5 5 1 9 5 9 5 2 1 7 1 5 5 5 5 3 5
315 1 5 9 1 7 1 3 1 2 5 3 5
316 9 5 2 1 3 5 2 2 8 5 5 1 3 1 8 5
321 8 5 0 10 5 5 5 5 6 5 2 5
330 3 5 8 5 2 5 8 5 2 5 9 5
333 9 1 6 1 9 1 2 1 2 1 4 5 9 5
334 2 5 5 5 8 1 8 5 9 1 1 1 8 2 1 2 4 1 7 1 4 1 9 1 4 5 7 5
336 6 5
341 4 1 1 5 1 5 4 1 8 2 7 2 4 5 4 5
343 4 5 3 5 6 5 2 5 8 5
350 4 5
354 4 5 1 2 3 2 8 1 1 5
357 9 5 6 5 1 5 4 5 3 5 8 5 5 5
360 0 5 6 5 7 5 8 5 3 5
370 5 5 7 5 6 5 9 5 5 5 4 5 7 5
387 7 5 6 1 4 5 5 2 7 5 1 1 1 1 9 5
409 5 5 9 5 2 5 3 5 9 5
414 0 5
415 5 30 5 5 8 5 6 5 1 5 3 5 9 5
419 7 5 9 5 5 5 3 5 6 5 3 1 6 5 5 5 0 5 3 5 2 5
430 1 5 4 5 2 5 9 2 1 1 2 5 7 1 2 5 6 5 4 1 8 1 5 1 2 2 7 1 2 4 8 3 8 5 1 1
434 6 5 6 5 8 1 1 1 8 2 6 5 7 1 3 1 1 5 1 1 1 1 9 5 7 5 0 5 8 1 6 2
435 9 5 0 1 7 5 6 2 1 5 3 1 3 1 8 5
436 7 5 6 1 4 5 5 2 7 5 1 1 1 1 9 5
461 8 10
462 8 5 5 5 9 5 1 5 0 5 5 5 4 5 5 5
479 9 5
480 7 8 2 5 8 5 1 23 0 30 3 2
488 7 2 0 3 2 1 6 5 3 5 0 1 6 1 2 5 4 2
489 7 5 9 5 5 5 3 5 6 5 3 1 6 5 5 5 0 5 3 5 2 5
490 0 5
495 6 10
507 7 2 8 1 3 1 4 5 9 5 9 1 4 5
510 4 1 7 5 1 1 6 1 6 1 1 1 0 1
522 5 5
523 3 5 1 5 1 1 1 5 5 5
527 8 5 1 2 4 1 9 1 7 5 7 5 3 1 9 5
540 5 5 7 5 3 5 1 1 8 5 1 5 6 5 5 1 7 5 1 5 3 5 0 5
542 5 5 7 5 3 1 0 5 1 5 2 1
548 6 5 5 5 7 1 8 2 7 1 4 1 2 1 1 1
549 8 5 3 5 4 5 3 5 5 10 4 5
551 8 5 6 1 3 5 8 1 7 2 0 2 7 5 9 1 6 1 3 1 1 5
554 6 5 5 5 1 5 8 5 9 5 1 5 8 5 6 1 5 5 3 5 2 5 8 5 8 5 9 5
562 4 5 6 5 5 5 4 5 6 5 7 5 4 5 3 5
563 1 5 9 5 5 5 8 5 8 5 8 5 2 5
568 5 5 0 5 4 5 7 5 6 5
580 8 5 8 2 5 2 0 1 2 1 9 1 7 1 9 1 2 5 4 5 2 5 4 1 4 1 1 5 5 5 4 5
584 7 5 2 5 3 5 8 2 3 1 4 5
593 9 5 2 1 3 5 2 2 8 5 5 1 3 1 8 5
596 7 5 3 5 8 5 2 5 6 5
602 4 5 5 1 3 5 7 2 1 5 7 1 1 1 9 5
606 1 5 0 5 5 5 4 5 1 5 4 5 8 5 7 5
608 0 5
615 6 10
617 5 1 0 1 3 5 1 5 4 5 6 1 9 1 8 1 7 1 8 1 4 2 5 2 3 5 9 5 3 5 1 5
618 0 5 3 5 9 5 3 5 8 5 8 5 4 5
633 4 5 4 5 8 5 9 5 9 5 9 5 8 5
650 8 5 1 5 0 5 2 5 0 5 5 5 4 5 4 5
657 6 5
658 7 1 3 1 5 5 5 5 3 5 7 5
664 5 5 4 5 8 5 5 5 4 5 7 5 8 5 6 5
671 5 5 2 30 5 5 9 1 9 5 6 5
673 0 5 7 5 9 5 1 5 3 5 7 5 8 5 3 5
676 5 1 4 1 7 2 8 1 7 1 6 1 0 2 6 5
678 5 5 8 5 7 5 1 5 2 5 9 5 0 5
679 4 1 4 5 4 1 2 1 2 1
681 9 5 4 5 3 5 3 5 1 5 0 5 5 5
692 0 5 1 5 0 5 2 5 7 5 7 5 0 5 6 5
702 7 1 0 2 4 1 8 5 1 1 3 1 0 1 6 1 3 2
704 3 5 7 1 9 1 6 1 5 1 7 2 2 2 2 5 1 5 3 1 8 1 2 1 4 5 8 5
705 7 30
707 1 5 3 40 9 5 9 5 0 5 0 5 6 5
715 1 5
722 0 5 3 5 8 1 8 1 1 5 5 5 6 5 8 1 3 1 0 1 8 1 7 1 6 2 8 2 6 5 1 5
727 1 5 2 1
728 8 5 2 5 9 5 3 1 2 1 2 5 3 5 8 5
742 4 5 7 5 5 5 0 5 8 5
744 8 5 0 5 8 5 8 5 3 5 3 5 2 5 6 5 5 5
746 6 5
757 3 5 4 1
759 8 5
761 7 1 4 1 7 1 0 1 8 1 5 1 0 5 6 5
764 4 5 7 5 0 5 2 5 0 5 5 5 7 5 9 5
767 7 5
794 8 5 3 5 5 5 2 5 4 5 9 5 3 5
801 6 10
812 3 10
813 7 1 6 5 7 1 7 1 7 5 7 1 0 1
835 7 5 6 5 8 5
843 6 5
852 2 5 2 1
856 3 5 5 5 6 5 4 5 6 5 2 5 3 5 6 5
864 8 5 4 2 1 5 5 3 0 5 7 2 9 1 6 5
876 1 1 3 5 8 1
894 5 5 1 5 4 5 6 5 6 5 2 5 3 5 7 5 6 5
900 2 10
907 4 10
909 4 20
910 1 2 5 2 1 1 2 5 5 1 3 5 0 1 1 5 7 1 7 1 0 5 4 5
930 7 5 7 5 5 5 9 5 0 5 9 5 5 5 2 5
935 2 5 9 1 7 5 4 5 4 5 8 1 8 1 2 2
941 5 5 5 1 8 1 0 1 3 5 2 5 5 5
943 5 5 7 5 5 5 5 5 3 5 2 10 8 5
945 5 5 1 5 4 5 6 5 6 5 2 5 3 5 7 5 6 5
957 4 5 0 1 3 5 4 5 0 5 1 5 2 5 6 5 7 5 0 5 8 5
961 4 5 2 5 9 5 1 5 7 5 8 5 3 5 0 5
962 9 5 9 5 6 5 3 5 7 5 6 5 9 5 1 5 5 5
964 5 40
969 8 5 5 5 7 5 1 5 0 5
980 0 5 0 3 5 4 4 1 4 2 7 1 9 1 9 1 4 5 2 5 7 1 9 5 3 1 7 2 5 5 6 5 1 5 9 1
993 9 5 2 5 9 5 2 5 2 5
997 6 5
998 1 1 7 5
