1000 202 10
0 6 5
1 9 5 4 5 6 5 9 5 9 5 8 5 9 5 6 5 7 5
4 6 5 8 1 8 5 0 1 0 5 2 5 1 5 8 1 5 1 8 5 5 5
9 3 5 4 30 1 5 4 1 7 5 6 5
14 2 5 6 5 5 5 6 5 8 5
15 4 5 7 5 0 5 2 5 0 5 5 5 7 5 9 5
16 2 5 7 5 5 5
23 9 5
41 4 5 3 5 4 5 5 5 4 5 0 5 7 5 9 5
46 5 1 4 1 7 2 8 1 7 1 6 1 0 2 6 5
47 2 10
48 5 5 2 5 8 5 9 5 6 5 7 5 1 5 0 5 0 5 8 5 8 5 9 5 7 5
51 4 5 4 5 3 5 6 5 0 5 3 5 8 5
57 6 5 4 5 7 1 7 1 7 1 6 5 6 1 7 2 1 2 8 1 9 5 3 1 0 5 1 5 1 1 4 5
70 9 5 7 5 3 5 8 5 2 5 9 5 8 5 1 5
73 9 5
76 2 5 2 5 7 1 4 5 8 5
85 4 5 2 5 9 5 1 5 7 5 8 5 3 5 0 5
89 6 5 9 5 8 10 5 5 4 5 5 5
96 3 5 0 1 6 5 0 5 4 1 8 1 8 1
97 2 5 5 5 3 5 0 5 2 5
100 4 1 0 2 7 2 5 5 2 5 6 5 9 5 3 5 0 5 0 1 8 1 3 4
109 1 30
117 0 1 6 2 2 2 3 1 3 1 3 1 2 5 5 5 3 1
122 6 5 5 5 8 5 8 5 9 5
125 4 5 9 5 5 5 6 5 9 5 3 5 5 5
126 4 5 3 5 5 5 9 5 6 5 0 5 0 5 6 5
131 6 5 1 5 7 1 3 5 4 5 1 5 0 1 0 5
133 9 5 3 5 1 5 6 5 8 5 1 5 6 5 6 5
137 9 5
139 7 5 1 5
148 8 5 8 5 1 5 1 5 5 5 8 5 1 5
151 2 1 5 5 5 5 0 5 4 5 1 1 6 5
152 6 1 0 5
153 5 5 5 1
157 8 5 7 5 2 5 4 5 6 5 6 5 3 5
161 6 1 7 2 2 5 1 1 3 5 6 1 0 1
170 4 20
171 8 5
174 6 5 4 5 7 5 9 5 7 5 6 5 1 5
176 0 1 1 5 1 5 4 1 8 1 5 5 2 5 4 5 5 1 8 5 0 5 3 5
177 2 5 5 5 4 5 1 5 5 5 8 5 8 5
181 9 1 8 2 9 1 8 5 5 1 0 5 9 1
189 2 5 8 5 3 5 0 5 9 5 0 5 4 5
195 2 1 7 1 5 3 9 4 2 5
197 9 5
199 2 5 5 2 3 5
212 5 1 5 1 9 5
222 2 1 5 1 7 1 3 1 7 1 4 1 4 5
223 2 20
229 4 5 6 5 4 2 4 2 9 1 8 5 1 5 1 2 4 1 7 2 4 2 7 4 5 4 3 5
231 4 10
244 1 5 6 5 1 5 1 5 8 5
262 5 1
264 4 10
266 2 5 6 5 5 5 6 5 8 5
267 1 5 0 5 2 5 3 5 0 5
268 1 5 4 5 7 5 6 5 6 5 3 5 3 5
271 4 5 0 5 1 5 4 5 7 1 0 5 4 5 9 5 2 5 3 5
276 7 5 7 5 5 5 9 5 0 5 9 5 5 5 2 5
287 0 5 6 5 8 5 6 5 5 5 2 5 3 5
291 5 5 5 1 3 5 9 5 7 5 5 1 8 5 4 5
295 0 5 9 10 2 5 8 5 8 5 1 5 6 5
303 4 5
307 0 5 1 5 0 5 9 5 0 5 7 5 8 5
318 6 20
319 8 5 7 5 4 5 0 5 3 5 5 5 8 5 4 5
322 6 5 9 5 2 1 9 1 1 1 2 1 0 1 9 1
326 6 5 6 5 5 5 3 5 4 1 4 1 9 5 5 5
331 4 5
341 0 5
342 0 5 7 1
351 4 5 9 1 5 1 8 5 5 1 5 5
353 5 1 8 1 1 5 4 5 4 1 8 1
371 6 1 1 5 2 3 7 5 9 2 7 4 4 2 3 1 4 2 2 1 1 3 5 3 5 2 9 5 5 4 5 11 8 9 7 1
372 4 5 1 5 2 5 1 5 3 5
376 4 5
380 6 5 0 5 0 5 4 5 0 5 9 5 2 5
386 9 5 3 5 1 5 6 5 8 5 1 5 6 5 6 5
388 9 5 5 1
390 0 5
392 6 10
400 7 1 1 1 7 1 9 5 6 5 4 5 1 5
407 6 5 8 5 8 5 1 5 8 1 8 5 1 5 9 5
411 4 5 8 1
412 7 5 9 2 5 5 0 1 6 1 5 1 6 5
427 9 5 1 5 9 5 0 5 1 10 2 5
430 3 5 2 2
433 1 10
434 5 5 0 5 4 5 7 5 6 5
435 6 5
440 6 5
443 7 5
447 7 5 7 10 0 5 4 5 3 5 2 5 4 5
453 9 5 4 5 4 5 8 5 1 5 1 5 3 5 3 5 9 5
455 8 5 3 5 4 5 3 5 5 10 4 5
459 0 5 7 5 1 1 0 5 5 5
465 0 5 7 1
468 4 5 0 5 7 5 8 5 7 5 5 1 2 5
472 2 5 5 2 3 5
480 9 5 8 5 6 5 5 5 2 5
483 5 5 7 5 6 5 9 5 5 5 4 5 7 5
496 8 5 4 5 4 5 1 5 2 5 9 5
505 5 5 2 5 8 5 9 5 6 5 7 5 1 5 0 5 0 5 8 5 8 5 9 5 7 5
510 0 5 8 5 3 5 9 5 8 5 7 5 7 5
511 1 5 4 5 5 2 2 2 8 5 4 1
513 9 5 8 5 1 5 9 5 6 5 4 5 6 5
533 5 5 0 1 4 5 9 1 3 1
534 7 5 6 1 2 5 2 5 6 5
542 2 5
550 0 5 1 10 2 5 0 5 6 5 0 5 9 5
556 3 5 3 1
560 0 5 9 1 9 1 4 1 1 5 7 1 0 1 3 1 0 5 6 5
573 2 1 0 5 6 5 6 2 1 2 4 5
580 5 30
585 3 1 8 5 3 5 2 2 8 2 4 5 0 5 1 5
601 3 5 0 5 1 5 5 5 2 5 3 5 4 5
610 1 10
613 7 5 3 1 2 1 7 1 2 5
625 0 5 9 10 2 5 8 5 8 5 1 5 6 5
646 2 10
651 4 5
652 3 5 2 1
656 5 5 7 5 3 5 6 5 0 5 3 5 8 5
665 7 2 8 1 3 1 4 5 9 5 9 1 4 5
667 4 5 9 5 1 5 1 5 1 5 8 5 0 5
669 0 1 4 1 6 1 4 5 2 5 4 5 6 1 0 1 7 1 9 1 2 2 7 5 8 2 2 5 6 5 3 5
679 6 5 6 5 5 5 3 5 4 1 4 1 9 5 5 5
687 6 5 6 5 3 1 7 1 8 1 9 5 0 5 8 1 7 1 0 1 3 1 2 2 1 2 2 5
690 5 5 0 5 2 5 7 5 8 5 6 5 6 5 5 5 1 1
691 6 10
692 4 5 8 5 3 5
695 5 5 5 1 5 5 7 2 6 5 3 1 1 1 5 5
696 0 10
705 6 5
713 1 5 1 5 4 5 8 5 4 5 5 1 1 5
716 2 5 7 5 7 5 9 5 3 5
718 6 2 1 5 9 5 7 1 6 3 6 3 4 2 5 5 1 4 4 11 0 9 3 1 9 4 5 2 5 1 2 2
732 9 5 5 5 7 5 6 5 3 5 5 10 8 5
739 9 5 7 1 2 1 6 2 2 1 5 1 9 1 4 2
745 0 5 9 5 6 5 9 5 6 5
749 4 5 4 5 3 5 6 5 0 5 3 5 8 5
750 1 5 4 5 7 5 6 5 6 5 3 5 3 5
751 1 1 7 5 5 5 3 2 1 2 3 5
755 7 5
760 9 5 6 1 7 5 7 5 7 2 5 2
769 3 1 7 5
770 3 5 8 5 2 5 8 5 2 5 9 5
775 9 5 3 5 1 5 6 5 8 5 1 5 6 5 6 5
777 1 5 6 5 7 5 1 5 5 1
782 7 3 4 2 8 1 6 5 8 5 9 5 0 1
797 1 5
798 6 5 3 5 7 5 6 5 3 5 3 5 9 5 0 5
803 0 10
809 1 5 6 5 0 5 1 5 4 5 5 5 0 5 7 5
810 7 2 0 3 2 1 6 5 3 5 0 1 6 1 2 5 4 2
814 4 1 6 1 6 1 5 5 9 1
817 4 5 4 1 4 1 6 1 7 2 0 5 3 5 1 5
819 2 3 0 3 7 8 5 6 6 1 5 5 6 1 3 2 3 2 6 1 3 5 1 1 0 3 6 1 3 1 4 5
824 9 5 4 1 4 5 2 5 2 5 5 5 9 5
826 5 5 7 5 6 5 9 5 5 5 4 5 7 5
828 3 5 6 5 5 5 0 5 5 5
831 7 5 7 4 8 3 7 1 8 1
838 1 5
840 3 5 4 30 1 5 4 1 7 5 6 5
842 6 5 3 5 5 5 9 5 6 5 8 5 4 5
850 5 5 1 2 0 5 1 1 3 1 9 1 2 5
853 4 5 0 5 1 5 4 5 7 1 0 5 4 5 9 5 2 5 3 5
855 4 5 3 5 9 5 2 5 3 5
860 2 1 7 5 7 2 7 5 5 1 4 1 5 5 3 5
873 6 5 5 50
885 2 5 0 5 1 5 5 5 2 10 4 5
886 3 5 2 1
888 8 5 0 5 0 5 8 5 0 5
894 6 5 0 5 7 5 4 5 1 5 6 5 1 10
905 4 5 3 5 4 1 3 1 4 1 1 1 3 1 3 1
907 9 5
912 0 5 7 1 2 1 3 1 9 2 5 2 1 1 1 5
913 3 5 6 5 9 5 0 5 0 5
919 6 5 3 20 2 5 5 5 5 5 3 5 8 5
923 7 5 0 1 9 1 0 5 5 1
924 9 5 1 5 9 5 0 5 1 10 2 5
930 5 5 6 5 8 5 7 5 4 1 8 2 4 1 9 5 6 1
931 1 5
938 9 5 0 5 1 5 3 1 0 5 5 5 5 5 2 1
939 0 1 4 1 6 1 4 5 2 5 4 5 6 1 0 1 7 1 9 1 2 2 7 5 8 2 2 5 6 5 3 5
940 9 5
941 7 1 0 1 9 1 9 2 1 5
942 8 5
943 6 1 5 4 3 3 6 15 7 5 1 4 1 5
945 5 5 7 5 8 5 2 2 7 2 5 1 2 1 6 1 4 1 6 5 3 5 6 1 0 1 2 1
947 7 5 6 5 8 5
951 0 5 1 5 0 5 2 5 7 5 7 5 0 5 6 5
960 9 5 2 5 9 5 2 5 2 5
965 7 30
967 0 5 4 2 7 2 8 1 1 1 2 1 5 1 8 5 5 5 6 1 9 1 2 1 2 5 9 5
968 4 1 4 1 5 1 6 1 3 5
974 4 5 2 5 9 5 1 5 7 5 8 5 3 5 0 5
982 8 5 4 2 9 5 5 1 0 1 1 1 6 5 0 1 7 1 7 5
989 9 5 2 5 1 5 4 5 0 5 0 5 7 5
992 3 1 5 1 5 5 1 5 2 1 2 5 4 1 6 2 5 5 0 5 5 5
997 7 10
