1000 176 10
4 5 5 3 10 0 5 6 5 3 5 6 1 2 5
14 3 5 2 5 0 5 6 5 5 5 6 1 3 5 5 5 7 5
16 3 5 3 5 8 5 1 5 5 5 3 5 8 5 5 5
18 0 5 7 1 2 1 3 1 9 2 5 2 1 1 1 5
20 4 5 8 5 3 5
30 9 5 8 5 1 5 9 5 6 5 4 5 6 5
41 1 5 4 5 5 2 2 2 8 5 4 1
53 0 2 8 2 9 5 1 1 0 1 3 5 2 5 4 5 9 5 7 5 7 5 0 1 1 1 1 1 5 1 1 1
58 1 10
60 6 20
77 4 10 0 5 8 1
79 5 5 7 5 0 5 6 5 3 1 6 5 2 5 8 5 0 5 8 5 9 5 0 5
80 0 5 3 5 8 1 8 1 1 5 5 5 6 5 8 1 3 1 0 1 8 1 7 1 6 2 8 2 6 5 1 5
92 1 1 4 5
99 8 5 2 5 9 5 7 5 7 5
108 9 5
111 8 5 6 5 0 1 4 1 2 1
113 9 5 7 2 9 2 0 1 6 1 5 1 1 1 9 5 1 5 5 1 7 1 7 1 1 5 0 5
117 0 1
137 8 1 9 1 1 1 2 1 3 1 7 1 4 1 4 5
139 9 5 4 5 3 5 3 5 1 5 0 5 5 5
142 5 5 8 2 2 2 2 5 6 1 7 5
143 4 10
147 6 5 5 5 9 5 6 5 3 5 9 5 2 5
162 5 5 2 30 5 5 9 1 9 5 6 5
169 0 5 9 5 3 5 7 5 3 5
175 3 5 4 5 0 5 0 5 6 5 3 5 2 5
181 3 5 1 5 6 5 7 5 1 5 1 5 1 5
184 4 5
192 4 1 7 2 8 2 5 5 4 5 1 1 6 1 8 5 4 5 3 5 2 1 8 5 6 5 4 1 9 1 2 1 4 1
201 5 5 8 5 9 5 2 5 7 5 9 5 9 5 5 5 5 5
206 9 5 4 5 4 5 8 5 1 5 1 5 3 5 3 5 9 5
207 1 5 7 5 0 5 7 5 2 5 0 5 3 5
214 1 10
220 2 5
222 7 5 7 5 0 5 4 5 1 5 2 5 6 5
227 0 1
228 5 2 7 5 6 1 9 1 0 1 8 1 4 1 6 2 4 1 1 5
232 7 5 7 5 0 5 1 5 8 5 8 5 7 5 8 5
235 7 1 1 1 1 1 3 1 2 1 7 1 9 5 8 5
238 8 5 6 5 7 5 7 5 7 5 1 5 3 5 8 5
240 2 5 0 5 5 5 5 5 8 5 8 5 6 5 9 5
249 4 5
254 5 5 2 5 8 5 9 5 6 5 7 5 1 5 0 5 0 5 8 5 8 5 9 5 7 5
256 1 1 5 1 5 1 2 5 4 5 3 1 4 1 8 1 4 1 3 2 1 2 3 5 9 5 8 5
259 1 1 1 1 1 2 2 1 0 4 3 3 4 5 5 5 1 5 6 2 7 2 8 1 3 5 7 5
262 2 5 2 5 9 5 3 5 1 5
263 5 5 9 2 6 5 9 1 8 5 7 1 7 1 1 5
268 6 5 5 5 8 5 8 5 9 5
276 1 10
277 0 5 0 1 0 5 9 5 4 5 9 1 0 5 1 5
281 8 5 7 5 4 5 0 5 3 5 5 5 8 5 4 5
285 6 5 5 10 0 5 1 5 5 5 5 5 7 5
289 2 40 0 5 5 5 8 1 4 5 4 5
299 9 5
306 8 10
318 1 5 7 5 0 5 7 5 2 5 0 5 3 5
323 0 5 2 1 5 1 4 1 9 1 7 2 6 2 8 5 8 5 4 1 1 1 3 1 5 5 8 5
325 6 5
326 9 5 4 1 4 5 2 5 2 5 5 5 9 5
332 3 5 0 5 5 5 2 5 2 5 8 5 5 5
335 5 5 4 1 2 5 8 5 2 5 9 5 7 5 8 1 0 5 6 5 0 5 8 5
339 7 1 9 5 9 1 4 1 6 5 4 2 9 5
340 5 5 1 5 4 5 6 5 6 5 2 5 3 5 7 5 6 5
345 0 5 9 10 2 5 8 5 8 5 1 5 6 5
352 2 5 5 10 6 5 6 5 0 5 0 5 9 5
353 7 2 7 5 8 2 9 1 4 1 0 1 4 1 7 1 5 5 3 5 1 1 4 1 2 5 4 5
354 0 5 7 1 5 5
357 2 10
360 2 10
368 3 5 0 1
377 2 5 2 1 4 1 8 1 5 1 0 2 8 2 7 5 9 5 8 1 5 1 5 1 2 5 9 5
384 3 1 3 2 2 2 3 5 7 5 9 5 7 1 8 1 4 1 6 5 0 5 1 1 0 1 0 1
385 2 5 7 5 7 5 9 5 3 5
400 4 5 7 5 2 5 1 5 7 5
402 6 5
409 7 5 9 5 7 2 5 4 8 1 3 5 8 5 0 2
411 0 5 1 10 2 5 0 5 6 5 0 5 9 5
415 0 1 0 5 4 5 9 5 4 5 7 1 0 5 3 5 0 5
417 7 5 5 5 9 5 5 5 9 5
418 9 1 1 5 1 1
425 6 5 0 5 5 5 9 5 9 5 3 5 3 5 1 5
426 3 1 5 1 4 1 1 5 1 5 7 1 9 1 0 1 6 1 4 2 7 2 4 5 9 5 1 5
432 2 5 9 1 4 3 7 1 2 2 1 5 7 1 4 1 8 1
435 0 1 7 1 1 1 6 1 7 5 8 1 5 5 0 1
445 7 1 6 5 7 1 7 1 7 5 7 1 0 1
447 1 5 7 5 0 5 7 5 2 5 0 5 3 5
449 6 5
456 1 5 1 5 2 5 4 5 7 5
475 6 10
479 9 5 2 5 1 1 7 1 0 1 2 5 6 5 1 1 9 1 3 1 4 1 3 2 7 2 5 5
481 8 5 5 5 7 5 1 5 0 5
485 5 5 2 1 3 1
486 7 5 1 5 2 5 0 5 2 10
491 5 5
499 0 5 7 5 1 5 1 5 8 5 6 5 1 5
509 4 5 7 5 1 5 7 5 6 5 5 5 3 5 6 5
514 2 5 8 1 5 5 2 5 5 5 7 5 9 5
518 6 5 8 1 8 5 0 1 0 5 2 5 1 5 8 1 5 1 8 5 5 5
525 6 5
533 2 40 0 5 5 5 8 1 4 5 4 5
536 5 5 4 5 2 5 9 5
539 8 5 6 5 7 5 0 5 0 5 5 5 6 5 2 5
540 3 1 5 1 4 1 1 5 1 5 7 1 9 1 0 1 6 1 4 2 7 2 4 5 9 5 1 5
547 3 5 4 5 0 5 0 5 6 5 3 5 2 5
554 9 1 8 5 3 5 7 1 4 1 5 1 5 1 7 2 0 2 6 5 1 1 8 1 9 5 6 5
568 8 5
578 0 5
579 3 5 0 1 0 5 3 30 1 5 6 5
582 7 5 3 5 0 1 8 5 2 5 3 5
593 5 5 4 5 0 5 0 5 3 5 1 5 1 5
595 0 5 6 5 7 5 8 5 3 5
597 1 5 6 5 1 5 8 5 1 5 0 5 5 5
608 1 5
618 3 5 3 2 4 5 6 3 7 5 5 2 1 1 5 5
619 6 5 5 1 9 1 0 5 6 5 8 5
633 6 10
637 6 5 5 1 9 1 0 5 6 5 8 5
638 6 5 6 5 3 1 7 1 8 1 9 5 0 5 8 1 7 1 0 1 3 1 2 2 1 2 2 5
642 6 5 9 5 2 1 9 1 1 1 2 1 0 1 9 1
654 2 10
655 6 5 1 5 8 5 3 5 5 5 7 5 4 5
659 3 1 4 5 8 1 1 1 8 5 8 5 7 1 8 3 8 3 4 1 1 1 0 1 5 1 8 5 1 5
662 3 10 0 5 9 5 2 5 0 5 5 5 0 5
663 3 5
668 3 2 6 1 6 1 6 1 9 5
679 7 10
682 0 2 8 2 9 5 1 1 0 1 3 5 2 5 4 5 9 5 7 5 7 5 0 1 1 1 1 1 5 1 1 1
686 5 5 7 5 6 5 9 5 5 5 4 5 7 5
687 8 1 9 4 6 3 9 5 9 1 7 1 0 1 2 5 4 5 7 5 8 1 3 2 8 5 2 5 9 5
692 9 5 4 5 1 5 1 5 2 1 3 5 1 5 2 5
694 5 30
695 7 5 3 1 2 1 7 1 2 5
716 3 10 0 5 9 5 2 5 0 5 5 5 0 5
721 8 5 6 5 7 5 7 5 7 5 1 5 3 5 8 5
725 2 5 6 5 5 5 6 5 8 5
729 9 5 3 5 4 5 8 5 7 5 4 5 3 5 7 5
733 7 30
746 5 5 8 1 1 1 2 5 8 2 2 2 5 1 0 1 1 1 9 1 6 1 1 5 9 5 5 5 2 5 0 5
755 8 5 8 5 1 5 1 5 5 5 8 5 1 5
767 6 5
788 4 20
798 5 5 2 5 6 5 5 5 6 5
803 4 10
804 7 2 0 3 2 1 6 5 3 5 0 1 6 1 2 5 4 2
812 7 5 2 5 2 5 6 5 7 5
823 9 5 9 1 5 5 4 1 0 1 3 5 1 2 5 5
830 9 10
834 8 5 5 5 4 5 0 5 2 5 0 5 8 5
845 7 5 1 30 1 5 4 1 6 5 0 5
848 7 5 1 5 0 5 9 5 3 5 7 5 4 5
851 4 5 7 5 5 5 0 5 8 5
855 7 5 3 1 2 1 7 1 2 5
862 4 5
864 3 5 5 5 6 5 0 5 4 5
874 4 5 9 5 0 5 4 5 2 5 8 5 7 5 1 5
880 5 5 2 5 9 5 7 5 9 5
882 5 5 6 5 8 5 7 5 4 1 8 2 4 1 9 5 6 1
895 8 2 7 2 9 1 2 5 8 5 0 1 7 5 0 5
898 7 5 5 5 6 5 4 5 6 5 2 5 9 5
909 6 20
911 9 5 7 1 5 1 8 1 5 5
914 2 5 8 5 8 1 8 5
915 7 1 3 1 5 5 5 5 3 5 7 5
918 4 5 3 5 9 5 0 5 9 1 7 5
920 8 5 6 5 3 5 8 5 9 5
942 2 5 9 5 0 5 4 5 1 5 7 5 8 5
947 3 5 4 5 0 5 5 1 2 1 0 5 7 5 1 5 7 1 7 1 8 1 9 1 0 1 1 2 2 2 5 5
959 3 1 3 5
966 4 5 2 30 4 5 3 5 1 5 6 5 3 5
971 2 5 8 5 8 1 8 5
989 9 1 8 2 9 1 8 5 5 1 0 5 9 1
990 8 5 2 5 5 5 4 5 6 5
992 5 5
998 3 10
999 4 5 3 5 6 5 2 5 8 5
