1000 168 10
11 4 1 0 2 7 2 5 5 2 5 6 5 9 5 3 5 0 5 0 1 8 1 3 4
14 2 10
19 0 5 7 5 6 1 1 5
20 7 5 7 5 0 5 1 5 7 5 1 5 8 5
21 2 5 7 5 5 5
23 1 5 7 10 5 5 1 5 3 5 6 5 6 5
24 9 1 3 1 0 1 9 5 9 1
26 1 10
34 2 5 5 10 8 5 3 5 5 5 6 5 2 5
37 2 10
52 3 5
70 4 5
88 6 5 8 5 1 1 1 5 1 30 8 5
91 5 1 0 1 7 5 0 5
97 3 5 2 5 9 5 6 5 8 5 2 5 1 5
98 7 1 4 1 7 1 0 1 8 1 5 1 0 5 6 5
103 6 100
108 5 5 3 2 9 5 1 3 4 5 9 2 1 1 5 5
109 4 5 2 30 4 5 3 5 1 5 6 5 3 5
114 0 5 7 5 3 5 2 1 0 5 6 5 1 5 2 1
116 7 5
118 7 5 0 1 9 1 0 5 5 1
123 6 5 3 5 5 5 9 5 6 5 8 5 4 5
129 8 5 3 5 1 1 6 1 8 1 9 5 9 5 0 1 1 1 3 1 1 1 4 2 0 2 0 5
134 1 5
135 4 1 1 5 1 5 4 1 8 2 7 2 4 5 4 5
149 6 5 0 5 5 5 9 5 9 5 3 5 3 5 1 5
155 4 5 1 10
159 9 5 9 1
166 9 5 7 1
171 2 5 2 1
172 1 5 9 5 5 5 8 5 8 5 8 5 2 5
176 6 5 5 10 0 5 1 5 5 5 5 5 7 5
194 3 5 7 1 9 1 6 1 5 1 7 2 2 2 2 5 1 5 3 1 8 1 2 1 4 5 8 5
196 9 10
198 8 5 7 5 9 5 3 5 6 5
206 7 5
207 6 1 7 2 2 5 1 1 3 5 6 1 0 1
219 5 5 8 5 9 5 9 5 9 5 5 5 2 5
234 7 5
235 4 5 7 5 8 5 5 5 2 5
255 0 3 5 5
257 4 5
261 5 5 1 5 6 5 2 5 7 5 6 5 4 5 7 5 5 5
263 9 5 4 5 1 5 1 5 2 1 3 5 1 5 2 5
271 3 5 7 5 0 5 2 5 4 5 5 5
274 8 10
278 1 5 6 5 6 5 8 5 9 5
292 8 5 3 5 9 5 2 5 4 5
296 5 5 4 5 2 5 9 5
299 5 5 0 50 1 5 1 1 5 1 0 5
301 7 5 1 5 4 5 8 5 2 5 2 5 7 5 4 5
302 3 1 8 1 6 1 2 5 1 1 0 1 8 1 0 5 9 5 8 2 0 2 0 1 8 5 9 5
306 6 1 5 5 8 5 5 1 2 2 9 1 2 4 2 2 4 1 0 8 7 2 7 5 7 5 9 3
319 3 1 5 5 4 1 2 1 7 2 4 1 1 5
330 2 1 8 5
334 6 1 1 5
338 5 30 5 5 8 5 6 5 1 5 3 5 9 5
340 4 1 6 1 6 1 5 5 9 1
347 4 5
349 2 10
354 3 10 9 5
368 0 1 6 5
375 5 5 4 5 2 5 9 5
384 4 5 3 5 0 1 0 1 5 1 6 5 7 5 2 1 9 1 7 1 0 1 2 2 9 2 6 5
389 6 5
391 5 10
392 4 5 8 5 7 1 8 5 9 1
403 7 2 8 1 3 1 4 5 9 5 9 1 4 5
416 3 1 3 5 7 2 4 5 1 1 9 1 4 5 0 5
419 7 5 6 5 5 5 8 5 0 5 2 2 4 2 2 1 9 4 8 1 1 1 1 5
423 5 5 2 5 7 5 0 5 3 5 1 5 4 5
426 1 5 2 5 3 5 9 5 4 5 1 5
427 7 5 9 2 5 5 0 1 6 1 5 1 6 5
428 6 5 3 20 0 5 6 5 4 5 5 5
434 0 5 3 5 9 5 3 5 8 5 8 5 4 5
436 8 5 5 5 4 5 0 5 2 5 0 5 8 5
437 5 5 9 1 2 5
439 6 5 4 5 8 1
449 8 5 6 1 9 5 6 2 8 5 0 1 0 1 7 5
467 6 100
475 0 1 6 5
476 0 5 3 5 9 5 3 5 8 5 8 5 4 5
484 3 5 5 5 6 5 0 5 4 5
494 3 5 1 5 2 5 0 5 5 5 4 5 1 5
508 0 2 8 2 9 5 1 1 0 1 3 5 2 5 4 5 9 5 7 5 7 5 0 1 1 1 1 1 5 1 1 1
519 6 5 7 5 6 5 6 5 9 5 7 1 9 5 5 5 6 5 1 5
521 8 5 6 5 7 5 0 5 0 5 5 5 6 5 2 5
534 5 5 6 5 0 5 1 5 6 1 5 1 8 5 8 5 2 5 5 1 8 1 4 1 6 1 6 1 5 2 9 2
537 0 5 1 5 1 1 6 1 5 1 0 1
541 9 5
549 6 5 1 5 1 5 6 1 3 1 7 3 6 4 1 5
551 4 5 8 5 4 5 8 5 1 5 7 5 8 5 3 5 8 5
553 4 5
555 5 5 9 5 2 5 3 5 9 5
556 8 5 5 5 4 5 0 5 2 5 0 5 8 5
565 5 1 5 1 9 5
568 5 5 4 2 8 5 0 1 6 1 3 1 8 5
569 4 5 0 5 1 5 4 5 7 1 0 5 4 5 9 5 2 5 3 5
572 0 3 5 5
579 5 1 4 1 7 2 8 1 7 1 6 1 0 2 6 5
583 5 5 1 5 4 5 6 5 6 5 2 5 3 5 7 5 6 5
591 7 5 1 5 8 5 2 5
617 8 5 7 10 4 5 8 5 4 5 3 5 5 5
624 0 5 7 5 1 1 0 5 5 5
634 4 5 8 5 7 1 8 5 9 1
643 6 5 4 1 0 5 5 5 1 5 5 5 7 5
651 7 1 8 5 8 5
654 9 5 6 2 6 2 3 5 4 1 3 5 7 1
658 6 1 0 1 7 1 0 3 3 2 1 1 1 1 8 5 5 1 0 5 2 5 0 5 0 1 1 5
659 8 5 7 5 9 5 3 5 6 5
672 3 5
681 3 5 6 5 2 5 9 1 5 1 4 1 5 1
682 0 5 6 5 8 5 6 5 5 5 2 5 3 5
684 9 5 1 5 7 5 2 5 4 5 3 5 5 5 7 5
685 6 5 3 5 5 5 9 5 6 5 8 5 4 5
687 7 30
696 8 10
706 2 40 0 5 5 5 8 1 4 5 4 5
712 2 1 8 5 2 1 9 1 8 5 0 5
717 5 1
721 0 5 9 1 9 1 4 1 1 5 7 1 0 1 3 1 0 5 6 5
722 9 5
730 5 10
733 4 5 3 5 6 5 2 5 8 5
744 6 5 6 5 2 5 0 5 2 5 2 5 1 5
747 7 5 6 1 2 5 2 5 6 5
748 7 5 4 5 8 5 5 5 7 5 0 5 7 5 9 5 3 5
755 1 5 1 1 3 1
764 9 5 7 1 2 1 6 2 2 1 5 1 9 1 4 2
765 7 5 3 5 0 5 5 5 3 5 5 5 6 5
774 6 5 0 10 1 5 3 5 4 5 7 5
783 2 1 0 5 6 5 6 2 1 2 4 5
791 3 5
796 2 5 6 5 5 5 6 5 8 5
808 3 5 6 5 5 5 0 5 5 5
809 5 10
810 3 5 7 1 9 1 6 1 5 1 7 2 2 2 2 5 1 5 3 1 8 1 2 1 4 5 8 5
811 5 5 9 2 6 5 9 1 8 5 7 1 7 1 1 5
820 7 1 1 1 7 1 9 5 6 5 4 5 1 5
837 8 5 6 1 3 5 8 1 7 2 0 2 7 5 9 1 6 1 3 1 1 5
846 3 5 5 1 5 1 5 1 3 1
849 4 5 9 5 0 5 7 5 3 5 7 5 6 1 5 2 6 1 8 5
859 8 5 4 1 1 1 3 5 2 1 8 1 3 1 2 2
860 9 5
870 3 5 7 5 3 5 4 5 3 5 8 5 4 5
873 4 1 4 1 5 1 6 1 3 5
881 5 5 0 1 4 5 9 1 3 1
883 4 5 9 5 1 5 7 5 3 5 3 5 4 5 5 5
885 2 5 8 2 5 2 6 1 4 1 6 1 3 1 1 1 6 5 2 5 0 5 5 1 2 1 4 5 9 5 7 5
900 9 5
902 7 5 7 5 0 5 4 5 1 5 2 5 6 5
913 7 5 3 5 0 1 8 5 2 5 3 5
915 4 10
917 4 1 7 5
919 6 5 5 1 1 1 2 5 9 5 1 5
920 7 1 3 1 5 1 8 1 0 1 7 1 9 5 6 5
921 4 20
929 2 5 7 5 3 5 7 5 0 5
938 0 5 9 10 2 5 9 5 7 5 3 5 7 5
943 2 5 6 5 8 1 2 1 6 1 2 1 9 2 7 2 0 5 5 1 7 1 8 1 6 5 7 5
952 5 5 2 5 6 5 5 5 6 5
961 3 1 3 5 7 2 4 5 1 1 9 1 4 5 0 5
963 0 1 9 5 7 5
964 6 5 5 1 1 1 2 5 9 5 1 5
977 4 5 7 5 8 5 5 5 2 5
988 6 1 0 1 7 1 0 3 3 2 1 1 1 1 8 5 5 1 0 5 2 5 0 5 0 1 1 5
998 1 5 6 5 1 5 1 5 8 5
