1000 171 10
0 0 5 4 5 3 5 4 5 1 5 4 5 4 1 9 5 2 5 0 5
15 6 5 5 10 0 5 1 5 5 5 5 5 7 5
18 0 1 7 1 1 1 6 1 7 5 8 1 5 5 0 1
23 4 1 5 5 9 2 8 2 1 5 6 5
24 8 1 3 5
28 5 5 9 5 8 5 6 5 1 5 5 5 1 5
39 7 5
49 8 1 6 1 8 1
64 1 1 6 1 7 1 7 5 0 5 1 5 5 2 0 2 6 1 9 1 9 1 0 1 2 5 8 5
67 2 20
68 9 5 0 1 3 5 6 2 7 2 1 5
73 7 5 9 5 7 2 5 4 8 1 3 5 8 5 0 2
74 3 2 1 2 4 5 7 5 5 1 8 5
86 6 5 1 5 1 5 6 1 3 1 7 3 6 4 1 5
87 1 5 6 5 1 5 1 5 8 5
90 3 1 5 1 5 5 1 5 2 1 2 5 4 1 6 2 5 5 0 5 5 5
95 3 5 1 5 2 5 1 5 8 5 0 5
101 0 5 3 5 2 1 3 1 5 1 0 5 6 5 4 5 8 5
107 0 5 9 5 4 2 2 2 8 1
109 2 1 5 1 7 1 3 1 7 1 4 1 4 5
118 4 5 0 1 3 5 4 5 0 5 1 5 2 5 6 5 7 5 0 5 8 5
133 4 5
144 7 5 2 5 3 5 8 2 3 1 4 5
151 8 5 6 2 6 2 1 1 7 1 6 1 1 1 4 1 2 5 7 5 2 5 0 1 7 1 8 5 0 5 8 5
153 2 5 5 10 8 5 3 5 5 5 6 5 2 5
160 5 1 5 1 0 5 6 5 5 1 3 1 1 1 8 1
161 8 5
171 8 5 8 10 7 5 5 5 9 5 8 5 0 5
180 4 5
181 2 5 2 1 4 1 8 1 5 1 0 2 8 2 7 5 9 5 8 1 5 1 5 1 2 5 9 5
184 9 5 9 5 9 5 9 5 2 5 5 5 2 5 0 5
186 6 5 6 5 3 1 7 1 8 1 9 5 0 5 8 1 7 1 0 1 3 1 2 2 1 2 2 5
194 2 1 7 5 6 1 8 1 2 5 8 5
216 6 5 5 1 9 5
220 0 5 5 10 4 5 3 5 2 5 4 5 1 5
225 1 5 4 5 5 2 2 2 8 5 4 1
226 9 3 2 4 6 1 7 1 9 5
233 8 20
236 8 5 5 5 1 5 4 5 3 5 9 10 2 5
243 4 5 8 5 7 1 8 5 9 1
247 0 5 6 5 5 5 5 5 3 5 6 5 7 5
258 5 5 5 5 6 5 4 5 7 5 0 5 0 5
262 0 5 9 5 6 5 0 5 0 5 8 5 9 5
266 4 5 1 5 7 5 3 1 3 2 5 5 5 5 2 5 0 5 3 2 0 1 9 1 9 1 5 4 6 3 5 5 5 1
270 4 5 0 5 2 5 6 5 3 5
278 5 5 9 1 8 2 9 1 9 1 8 1 0 2 4 5
279 8 1 8 1 3 5 4 1
283 0 5 7 5 3 5 2 1 0 5 6 5 1 5 2 1
293 9 5 4 5 1 5 1 5 2 1 3 5 1 5 2 5
294 5 5 7 5 3 5 6 5 0 5 3 5 8 5
302 5 5 5 1 5 5 7 2 6 5 3 1 1 1 5 5
305 5 5 5 1
315 4 5 9 5 5 5 6 5 9 5 3 5 5 5
318 8 1 8 1 3 5 4 1
324 0 5 5 5 3 5 0 5 0 5 0 5 8 5
343 9 5 5 1
346 5 10
348 2 5
354 6 10
357 3 5 4 5 4 5 8 5 6 5 2 5 9 5
359 8 5
364 1 5 0 5 2 5 3 5 0 5
379 5 5 1 5 3 5 6 5 4 5 3 5 8 1 4 5 8 5
381 7 5 2 5 2 5 5 5 8 5 5 5 4 5 8 5 5 5
386 9 5
401 7 5 4 5 8 5 5 5 7 5 0 5 7 5 9 5 3 5
411 0 5 0 5 3 5 0 5 8 5 1 5 3 5
420 4 5
426 8 5 2 10 5 5 9 5 9 5 5 5 2 5
432 6 1 0 1 7 1 0 3 3 2 1 1 1 1 8 5 5 1 0 5 2 5 0 5 0 1 1 5
438 8 5 6 2 6 2 1 1 7 1 6 1 1 1 4 1 2 5 7 5 2 5 0 1 7 1 8 5 0 5 8 5
440 3 5 6 5 0 5 7 5 1 5 3 5 0 5 8 5
443 9 5 9 5 6 5 3 5 7 5 6 5 9 5 1 5 5 5
447 8 1 2 1 1 1 9 5 5 5 2 5 5 5
462 6 5 4 5 7 1 7 1 7 1 6 5 6 1 7 2 1 2 8 1 9 5 3 1 0 5 1 5 1 1 4 5
472 9 1 8 1 5 1 7 5 9 4 2 1 9 2 4 5 2 2 3 5
477 7 5 1 5
484 1 1 0 5
489 6 5 0 5 1 5 8 5 6 5
496 9 5 6 2 6 2 3 5 4 1 3 5 7 1
498 7 1 8 5 8 5
500 9 5 0 4 4 3 5 1 3 1
503 3 5 0 1
510 9 5 2 5 9 5 2 5 2 5
512 0 1 6 5
520 2 1 2 1 5 1 8 1 4 1 7 2 3 2 6 5 6 5 2 5 3 5 0 1 6 1 0 5 9 5 4 5 9 1
526 5 5 2 1 3 1
547 3 5 4 1
557 1 5 7 10 5 5 1 5 3 5 6 5 6 5
563 1 30
579 4 5
580 4 1 3 1 7 5 6 5 3 5 7 1 7 1 4 5 3 5 4 5
587 6 10
588 0 1
590 3 5 6 5 2 5 9 1 5 1 4 1 5 1
591 9 1 0 1 6 2 3 1 4 5 1 1 6 1 7 1 4 5 1 5 6 5 9 1
594 3 2 1 2 4 5 7 5 5 1 8 5
595 9 5 1 5 8 5 1 5 1 5
601 5 5 9 1 8 2 9 1 9 1 8 1 0 2 4 5
609 0 5 0 5 7 5 3 5 1 5
613 9 20
618 8 1 6 1 8 1
622 0 5 4 5 3 5 4 5 1 5 4 5 4 1 9 5 2 5 0 5
623 5 5 8 1 6 5 5 5 0 5 1 5 7 5
630 1 1 6 1 7 1 7 5 0 5 1 5 5 2 0 2 6 1 9 1 9 1 0 1 2 5 8 5
638 3 1 3 2 2 2 3 5 7 5 9 5 7 1 8 1 4 1 6 5 0 5 1 1 0 1 0 1
648 6 5
660 2 5 2 1 4 1 8 1 5 1 0 2 8 2 7 5 9 5 8 1 5 1 5 1 2 5 9 5
664 8 1 0 5 2 5
673 4 5 8 5 4 5 8 5 1 5 7 5 8 5 3 5 8 5
677 9 5
694 9 5
702 8 1 6 1 8 1
713 3 5 0 1
714 9 5 9 1
716 4 10
718 6 5 5 5 1 5 8 5 9 5 1 5 8 5 6 1 5 5 3 5 2 5 8 5 8 5 9 5
732 5 1 8 1 1 5 4 5 4 1 8 1
733 3 5 6 5 4 5 3 5 3 5 6 5 5 5
738 7 5 5 5 9 5 5 5 9 5
739 5 5 4 5 2 5 9 5
742 5 5 2 1 3 1
748 5 1 9 1 8 1 8 5 1 1 4 1 7 1 5 1
750 3 10
752 7 5
753 0 1 9 5 7 5
754 2 10
757 3 5 1 5 2 5 0 5 5 5 4 5 1 5
764 5 2 4 2 8 1 7 3 6 2 9 5 0 2 6 3 8 8 2 6 7 2 4 3 8 2 8 2 5 1
766 6 5 3 5 5 5 9 5 6 5 8 5 4 5
771 2 1 2 1 9 5 7 1 3 1 1 1 1 5 4 1
774 7 1 1 1 7 1 9 5 6 5 4 5 1 5
775 4 5 1 5 2 5 1 5 3 5
779 8 5 7 5 6 5 7 5 1 5 7 5 4 5 5 5
789 8 2 7 2 9 1 2 5 8 5 0 1 7 5 0 5
794 3 1 7 1 4 5 5 1 9 5 9 5 2 1 7 1 5 5 5 5 3 5
795 5 5 2 5 6 5 5 5 6 5
797 8 5
798 3 5 6 5 2 5 9 5 8 5 3 5
809 3 5 7 1 9 1 6 1 5 1 7 2 2 2 2 5 1 5 3 1 8 1 2 1 4 5 8 5
811 5 5 0 5 4 5 0 5 0 5 6 5 6 5
812 7 1 8 5 8 5
815 3 5
822 8 5 7 5 6 5 7 5 1 5 7 5 4 5 5 5
825 6 5
831 8 5 3 5 4 5 3 5 5 10 4 5
837 5 1 4 1 7 2 8 1 7 1 6 1 0 2 6 5
838 0 5 1 5 3 5 3 5 9 5
839 6 5 5 50
842 4 1 7 5
846 1 5
853 7 5 5 5 9 5 5 5 9 5
858 1 5 6 5 6 5 8 5 9 5
874 1 5 1 5 4 5 8 5 4 5 5 1 1 5
881 1 1 5 1 5 1 2 5 4 5 3 1 4 1 8 1 4 1 3 2 1 2 3 5 9 5 8 5
882 7 5 9 2 5 5 0 1 6 1 5 1 6 5
883 5 5 4 1 6 1 6 5 2 5 8 5 7 1 8 5 8 5 7 5
887 5 5 8 5 9 5 7 5 9 20 7 5
922 8 5 7 5 9 5 3 5 6 5
925 3 5 4 5 4 5 8 5 6 5 2 5 9 5
933 7 1 7 5 3 5 8 5 7 5 5 10 6 5
940 6 5
954 0 5
959 2 2 9 1 4 1 2 1 1 1 7 1 5 1
964 3 5 9 5 6 5 1 5 3 1 7 5 0 5 5 5 8 5 1 5
965 0 5 6 5 7 5 8 5 3 5
969 1 1 2 1 6 1 7 5 6 1 7 5 5 5
974 4 1 4 1 5 1 6 1 3 5
976 5 5 5 1 3 5 9 5 7 5 5 1 8 5 4 5
978 8 5 7 10 4 5 8 5 4 5 3 5 5 5
980 2 5 7 5 5 5
