1000 185 10
13 9 5 8 5 3 5 5 5 4 5 7 5 0 5
20 6 5 1 5 8 5 3 5 5 5 7 5 4 5
22 1 5 2 1
26 4 5 6 5 5 5 4 5 6 5 7 5 4 5 3 5
28 1 5
32 5 5 0 50 1 5 1 1 5 1 0 5
34 7 5 5 5 6 5 4 5 6 5 2 5 9 5
39 2 5
60 8 2 7 2 9 1 2 5 8 5 0 1 7 5 0 5
61 5 1 7 1 1 1 2 1 9 1 7 4 3 3 3 5 7 5 0 5 8 5 4 1 1 2 0 5 6 5 1 5
66 6 5 4 5 1 5 0 5 9 5 4 5 4 5 2 5
69 7 1 0 1 9 1 9 2 1 5
73 0 5 6 5 7 5 8 5 3 5
74 3 5 2 5 3 5 2 5 6 5 6 5 5 5
77 5 5 2 5 7 5 0 5 3 5 1 5 4 5
81 8 5 8 10 7 5 5 5 9 5 8 5 0 5
86 3 1 7 5
87 5 40
89 8 5 7 5 4 5 0 5 3 5 5 5 8 5 4 5
90 3 1 7 5
92 8 5 5 5 3 1 4 1 2 2 4 1 1 5 6 4 1 5 6 1 8 2 9 2 8 5 1 5
96 1 1 4 5
102 2 5 2 1 4 1 8 1 5 1 0 2 8 2 7 5 9 5 8 1 5 1 5 1 2 5 9 5
104 1 5 5 5 8 5 4 1 8 5 1 5 4 5 7 1
107 5 5
113 3 5 5 1 5 1 5 1 3 1
125 9 5 0 10 0 5 5 5 4 5 1 5 4 5
131 6 5
134 7 5 7 5 0 5 1 5 8 5 8 5 7 5 8 5
141 6 1 7 2 2 5 1 1 3 5 6 1 0 1
158 3 1 0 5 6 2 4 2 5 5 8 5
162 5 10
165 4 5 2 5 0 5 9 5 4 5 3 5
166 8 1 0 5 2 5
171 7 5 3 1 2 1 7 1 2 5
172 5 1 5 1 9 5
177 1 5 2 5 8 5 7 5 4 5 5 5 1 5
184 8 5
185 5 40
186 9 5 9 5 2 5 4 5 7 5 8 5 6 5
197 6 2 1 5 9 5 7 1 6 3 6 3 4 2 5 5 1 4 4 11 0 9 3 1 9 4 5 2 5 1 2 2
204 1 1 4 5
205 7 5 3 5 0 1 8 5 2 5 3 5
206 2 5 8 5 3 5 0 5 9 5 0 5 4 5
207 1 5 1 5 4 5 8 5 4 5 5 1 1 5
212 8 5 2 5 4 5 1 5 9 5 5 5 0 5
214 4 5
223 4 5 0 5 2 5 6 5 3 5
228 6 5 6 5 5 5 9 5 8 5 2 5 9 1 7 5 9 5 6 5 9 5
232 9 5 2 1 3 5 2 2 8 5 5 1 3 1 8 5
244 5 5 6 5 5 1
246 3 5 0 5 2 5 4 5 3 5
254 6 5 1 5 1 5 6 1 3 1 7 3 6 4 1 5
261 1 5
278 6 5 0 1
280 8 1 8 1 8 5 9 1 3 1 1 1 7 1
281 6 5 9 5 2 1
296 1 5
298 7 3 4 2 8 1 6 5 8 5 9 5 0 1
299 7 5 6 5 3 5 1 5 4 5
300 2 1 7 5 8 1 2 5 7 5 4 1 6 1
309 0 10
314 6 5 6 1 8 1
326 1 5 7 10 5 5 1 5 3 5 6 5 6 5
330 8 5 2 5 9 5 0 5 0 5 2 5 7 5
334 7 5 7 5 0 5 4 5 1 5 2 5 6 5
344 3 5 0 1 0 5 3 30 1 5 6 5
345 6 2 0 6 9 2 3 5 7 1 3 5 3 1 0 5 0 1 2 1 2 1 1 5
362 4 5 6 5 4 2 4 2 9 1 8 5 1 5 1 2 4 1 7 2 4 2 7 4 5 4 3 5
369 7 5 1 5 0 5 9 5 3 5 7 5 4 5
370 0 10
374 1 20
376 1 5 2 5 7 5 3 5 7 5
383 2 1 7 5 8 1 2 5 7 5 4 1 6 1
384 3 5 4 5 5 5 4 5 2 5 3 5 3 5 0 5
387 5 5 1 5 6 5 2 5 7 5 6 5 4 5 7 5 5 5
390 2 5 0 1 6 1
392 4 1 6 1 6 1 5 5 9 1
395 1 1 3 5 8 1
404 5 5 7 5 1 5 2 5 7 5 4 5 0 5
407 4 5 5 5 8 5 1 5 7 5 1 5 8 5 8 5
408 5 5 5 5 1 5 3 5 4 5 3 5 0 5 7 5 4 5
428 8 1 3 5
430 6 10
436 0 1 8 5 4 1 0 1 4 5 0 5
437 6 5
438 3 5 0 1 0 5 3 30 1 5 6 5
451 5 5
469 4 10
472 5 5 9 5 1 5 3 5 6 5 5 5 8 5
480 7 5 6 1 2 5 2 5 6 5
504 6 5 3 5 9 5 9 5 8 1 1 5
507 5 5 5 1 8 1 0 1 3 5 2 5 5 5
508 5 5 4 5 8 5 2 5 5 5 5 5 5 5 0 5
511 6 5
527 1 5 6 5 0 5 1 5 4 5 5 5 0 5 7 5
530 8 5 9 5 0 5 9 5 2 5 0 5 2 5
534 9 5 4 1 4 5 2 5 2 5 5 5 9 5
546 3 5 9 5 4 5 2 5 7 5 5 5
559 0 1 6 2 2 2 3 1 3 1 3 1 2 5 5 5 3 1
560 5 5 7 5 5 5 5 5 3 5 2 10 8 5
564 6 5 1 5 3 5 0 5 6 5
566 5 5 1 3 9 4 7 1 2 2 7 1 0 1 1 5 8 5 3 1 6 2 7 2 6 5 4 5
579 8 5 7 5 5 5 2 5 5 5 9 5 6 5 5 5 3 5
583 8 5 9 5 2 5 8 5 7 5 3 5 4 5
591 3 1 8 5 4 2 6 5 9 1 3 1 1 5
598 2 5 7 5 7 5 9 5 3 5
604 3 5 5 1 4 1 2 1 4 1 5 1 3 1 6 2 1 2
608 5 1 4 5 3 1 7 1 0 1
610 0 5 9 5 4 2 2 2 8 1
612 9 5
615 6 1 1 5
616 9 5 1 5 9 5 0 5 1 10 2 5
617 0 5
619 4 10
620 5 1 4 5 3 1 7 1 0 1
626 1 5 7 5 1 5 0 2 0 2 7 1 3 2 1 2 9 4 4 1 4 2 1 1 3 5 9 5
627 4 5 1 5 7 5 3 1 3 2 5 5 5 5 2 5 0 5 3 2 0 1 9 1 9 1 5 4 6 3 5 5 5 1
632 0 1 1 5 1 5 4 1 8 1 5 5 2 5 4 5 5 1 8 5 0 5 3 5
651 9 5 7 1 2 1 6 2 2 1 5 1 9 1 4 2
652 7 5
654 2 5 3 5 1 5 4 5 9 5 9 5 7 5 4 5 8 1
666 3 1 3 5 7 2 4 5 1 1 9 1 4 5 0 5
669 7 2 5 5 0 1 1 1 6 5 2 5 9 1 9 5
670 2 5 7 5 3 5 3 5 9 1 4 5 2 5
676 7 2 7 5 8 2 9 1 4 1 0 1 4 1 7 1 5 5 3 5 1 1 4 1 2 5 4 5
698 7 5 4 5 8 5 5 5 7 5 0 5 7 5 9 5 3 5
705 0 70
711 9 5 0 1 4 5 4 2 0 5 1 1 2 1 7 5
715 0 1 5 5
722 5 5 7 5 5 5 5 5 3 5 2 10 8 5
724 5 5 5 5 2 5 0 5 3 5 9 5 5 5 0 5
725 0 5 9 5 4 2 2 2 8 1
749 0 5
752 4 5
754 4 1 1 5 1 5 4 1 8 2 7 2 4 5 4 5
755 5 5 9 1 4 5 3 5 6 1 6 5 2 5 5 5 6 5 4 5 0 5 2 5
757 2 5 5 10 8 5 3 5 5 5 6 5 2 5
763 9 5
774 0 1 0 5 9 5
782 5 1 1 1 1 1 1 5 8 5 0 5 4 1
806 1 2 5 2 1 1 2 5 5 1 3 5 0 1 1 5 7 1 7 1 0 5 4 5
807 2 1 5 5 5 5 0 5 4 5 1 1 6 5
811 3 1 0 5 6 2 4 2 5 5 8 5
813 2 1 3 5 1 1 9 1 1 5 7 2 3 5
814 1 5
822 0 1 7 5 2 5 7 1 5 1 2 1 7 1 0 2 1 2 5 5 0 1 2 1 2 5 0 5
827 1 5 3 40 9 5 9 5 0 5 0 5 6 5
832 4 1 6 1 6 1 5 5 9 1
837 8 1
858 0 5 0 5 4 1 9 5 4 5
860 3 5 9 5 4 5 2 5 7 5 5 5
861 0 5 0 5
866 0 5 9 1 1 1
870 8 5 0 10 1 5 1 5 7 5 2 5 6 5
873 7 5 5 5 6 5 4 5 6 5 2 5 9 5
874 9 5 0 1 3 5 6 2 7 2 1 5
875 3 5 4 1
877 5 5 1 5 6 5 2 5 7 5 6 5 4 5 7 5 5 5
879 2 5 7 1 2 2 1 2 0 5 5 2 8 1 4 1 4 5 3 1 8 4 2 3 4 5 5 5
887 1 2 9 2 5 1 2 2 2 2 0 4 7 4 9 5 1 5 0 5 4 5 7 1 5 2 6 1 4 5 0 1
891 5 5 9 1 4 5 3 5 6 1 6 5 2 5 5 5 6 5 4 5 0 5 2 5
893 5 5 4 1
894 9 5 1 5 7 5 2 5 4 5 3 5 5 5 7 5
899 8 5 6 5 7 5 0 5 0 5 5 5 6 5 2 5
900 9 5 2 5 0 5 0 5 3 1 7 5 3 5 2 1
907 0 1 2 5 3 1
908 8 5 4 2 9 5 5 1 0 1 1 1 6 5 0 1 7 1 7 5
914 6 5 5 5 6 5 6 5 6 5 3 1 3 5
919 1 5 5 5 2 5 4 5 9 5 5 5 8 5 7 5
920 2 5
921 6 5 8 5 8 5 1 5 8 1 8 5 1 5 9 5
934 0 5 5 5 3 5 0 5 0 5 0 5 8 5
936 0 5 3 5 7 5 3 5 4 1 7 5 9 5 5 5 6 5 2 5
946 7 1 3 5 0 1 6 1 9 1 1 2 9 2 8 1 7 5 8 5 8 1 9 1 4 5 2 1 4 5
961 2 5 7 5 3 5 7 5 0 5
973 8 5 7 5 5 5 2 5 5 5 9 5 6 5 5 5 3 5
984 2 40 0 5 5 5 8 1 4 5 4 5
985 9 5 8 5 7 5 2 5 4 10 3 5
989 1 5 9 5 4 5 0 5 7 5 7 5 8 5
990 1 5 0 5 8 2 6 2 8 1 9 1 5 1 7 1 4 5 0 1 6 1 7 1 7 5 1 5
993 4 5 4 1 4 1 6 1 7 2 0 5 3 5 1 5
994 5 1 8 1 6 5 0 5 7 1
995 8 5 1 5 2 5 8 5 0 5
999 1 5 2 1
