1000 175 10
16 4 5
17 4 5 1 5 2 5 1 5 3 5
38 8 1 3 5
39 3 1 8 5 4 2 6 5 9 1 3 1 1 5
45 8 5 8 10 7 5 5 5 9 5 8 5 0 5
48 6 5 4 5 7 5 9 5 7 5 6 5 1 5
52 9 10
60 1 5 9 5 5 5 8 5 8 5 8 5 2 5
65 5 1 8 5 4 5 8 1 7 1 8 1 7 1
78 4 5 9 1 1 2 2 1 7 5 3 5 2 5 7 5 3 5 8 5
88 2 5 8 5 2 5 1 1 8 1 7 5
90 2 10
94 1 5 1 5 4 5 8 5 4 5 5 1 1 5
97 6 5 2 5 2 5 3 5 5 5
100 9 5 7 5 3 5 8 5 2 5 9 5 8 5 1 5
120 5 5 6 5 3 5 1 5 6 5 6 5 3 5
124 0 1 3 5
141 1 5 6 2 8 5 8 5 6 1 3 1 1 1
145 4 5 9 1 3 1 9 1 8 1 8 2 0 3 8 1 0 5 6 5 2 1 1 1 6 5 9 1 1 5
158 3 5 7 1 9 1 6 1 5 1 7 2 2 2 2 5 1 5 3 1 8 1 2 1 4 5 8 5
161 6 10
162 3 5 5 5 8 5 5 5 6 5 9 5 9 5 0 5
166 2 1 7 5
171 9 5 2 5 0 5 0 5 3 1 7 5 3 5 2 1
172 9 5 2 1 3 5 2 2 8 5 5 1 3 1 8 5
179 3 2 3 2 5 5 7 1 3 1 4 1 9 1 4 5 5 5 9 1 7 1 8 1 0 5 5 5
180 7 5 7 10 0 5 4 5 3 5 2 5 4 5
181 5 5 8 5 9 5 9 5 9 5 5 5 2 5
185 8 10
189 2 5 8 5 8 1 8 5
196 9 5 7 1 2 1 6 2 2 1 5 1 9 1 4 2
203 4 5 2 5 9 5 1 5 7 5 8 5 3 5 0 5
205 6 10
211 1 1 2 1 6 1 7 5 6 1 7 5 5 5
215 7 5 5 5 6 5 4 5 6 5 2 5 9 5
229 0 5 1 5 1 1 6 1 5 1 0 1
236 1 5
237 9 5 8 5 3 5 5 5 4 5 7 5 0 5
240 5 5 6 20 5 5 6 5 9 5 5 5 9 5
246 0 5 9 1 9 1 4 1 1 5 7 1 0 1 3 1 0 5 6 5
254 2 5
258 6 1 1 5 2 3 7 5 9 2 7 4 4 2 3 1 4 2 2 1 1 3 5 3 5 2 9 5 5 4 5 11 8 9 7 1
262 9 5
264 0 5 6 5 8 5 6 5 5 5 2 5 3 5
268 8 10
272 4 10
284 7 5 8 5 2 1 7 1 5 1 8 5
295 9 10
299 2 1 7 5 8 1 2 5 7 5 4 1 6 1
300 5 1 3 5
303 3 2 3 5
316 8 5 7 10 4 5 8 5 4 5 3 5 5 5
326 7 5
338 6 1 5 4 3 3 6 15 7 5 1 4 1 5
358 0 5 3 5 9 5 3 5 8 5 8 5 4 5
359 8 5 7 5 5 5 2 5 5 5 9 5 6 5 5 5 3 5
360 7 5 9 5 7 2 5 4 8 1 3 5 8 5 0 2
361 4 5 6 5 6 5 2 5 7 5 3 5 1 5
364 3 2 3 5
365 7 5 7 5 7 5 6 5 7 5 0 5
368 3 5 7 5 0 5 2 5 4 5 5 5
370 2 1 1 5 2 5 9 1 4 1 7 1 3 5 1 2 5 5 2 1 5 2 2 5 0 1 1 1
386 1 5 6 1 6 5 0 5 6 5 2 5 6 5
391 0 1 6 5 7 5 3 1 1 1 4 1
392 9 5
393 6 5 8 1 8 5 0 1 0 5 2 5 1 5 8 1 5 1 8 5 5 5
394 8 5 6 1 3 5 8 1 7 2 0 2 7 5 9 1 6 1 3 1 1 5
400 1 5 1 5 3 5 2 5 8 5
401 8 5 8 10 7 5 5 5 9 5 8 5 0 5
403 1 5 2 5 7 5 3 5 7 5
415 3 5 2 1
425 4 5
426 2 1 5 5 5 5 0 5 4 5 1 1 6 5
431 0 5 0 5 3 5 0 5 8 5 1 5 3 5
432 1 10
433 7 5 9 5 9 1 0 1 1 5 4 5
448 3 5 7 5 7 5 8 5 3 5 2 5 8 5
455 0 5 1 5 1 1 6 1 5 1 0 1
469 4 5 8 10 7 5 4 5 1 5 9 5
472 8 1 9 1 1 1 2 1 3 1 7 1 4 1 4 5
474 7 5 3 5 4 5 5 5 5 5 7 5 7 5 1 5
486 2 5 5 1 8 1 0 1 8 1
495 6 5 0 5 0 5 4 5 0 5 9 5 2 5
499 3 1 5 5
500 0 3 5 5
513 1 1 5 5 9 1 6 1 7 5 1 2 9 5 5 5 7 2
515 0 1 5 5
516 6 5 0 5 7 5 4 5 1 5 6 5 1 10
524 3 1 7 1 4 5 5 1 9 5 9 5 2 1 7 1 5 5 5 5 3 5
528 2 5 5 5 5 5 1 5 1 5 8 1 0 5 8 5
538 8 20
542 9 5 7 1
559 3 5 3 1
568 9 5 0 1 4 5 4 2 0 5 1 1 2 1 7 5
573 6 1 0 5
574 9 5 4 1 4 5 2 5 2 5 5 5 9 5
577 3 1 8 5 4 2 6 5 9 1 3 1 1 5
585 9 1 0 1 6 2 3 1 4 5 1 1 6 1 7 1 4 5 1 5 6 5 9 1
599 9 1 8 1 5 1 7 5 9 4 2 1 9 2 4 5 2 2 3 5
601 9 5 3 5 4 5 8 5 7 5 4 5 3 5 7 5
602 7 5 3 5 8 5 2 5 6 5
606 2 5 9 5 0 5 4 5 1 5 7 5 8 5
613 8 5 5 5 7 5 1 5 0 5
615 7 5 7 5 0 5 1 5 8 5 8 5 7 5 8 5
618 1 1 2 1 6 1 7 5 6 1 7 5 5 5
620 6 5 1 5 1 5 6 1 3 1 7 3 6 4 1 5
625 9 5 7 1
626 0 5 6 20 6 5 7 5 3 5 7 5
629 7 5 6 5 3 5 3 5 8 5 4 10 9 5
631 5 5 7 5 3 5 6 5 0 5 3 5 8 5
633 7 5 3 5 0 5 5 5 3 5 5 5 6 5
635 3 5 0 5 2 5 4 5 3 5
637 0 1 2 5 3 1
638 4 5
640 2 5 9 5 9 5 2 5 5 5 2 5 7 5 2 5
642 6 5
643 6 5 6 5 3 1 7 1 8 1 9 5 0 5 8 1 7 1 0 1 3 1 2 2 1 2 2 5
646 7 10
648 6 5 4 5 7 5 0 1 1 1 4 5
651 9 1 8 1 5 1 7 5 9 4 2 1 9 2 4 5 2 2 3 5
672 8 5 1 5 1 5 9 5
685 7 5 5 5 9 5 5 5 9 5
694 1 5 5 2 3 5 5 5 0 5 1 5 1 5
697 5 5
715 4 5 0 5 1 5 4 5 7 1 0 5 4 5 9 5 2 5 3 5
727 2 5 7 5 3 5 7 5 0 5
729 9 5 9 5 2 5 4 5 7 5 8 5 6 5
758 4 5 2 5 6 5 1 5 0 5 5 5 8 5 6 1 6 5
761 0 5 2 1 5 1 4 1 9 1 7 2 6 2 8 5 8 5 4 1 1 1 3 1 5 5 8 5
763 1 10
767 5 5 1 5 4 5 6 5 6 5 2 5 3 5 7 5 6 5
769 0 1 7 5
774 7 1 1 2 1 5 6 2 0 1 9 4 3 5 7 5
776 2 5 1 5 4 5 9 5 3 5 1 5 8 5 2 5
790 2 5 8 5 8 1 8 5
791 4 5 9 1 3 1 9 1 8 1 8 2 0 3 8 1 0 5 6 5 2 1 1 1 6 5 9 1 1 5
794 2 5
797 6 5 3 20 2 5 5 5 5 5 3 5 8 5
802 6 5
804 2 5 5 10 1 5 4 5 8 5 5 5
812 5 1 7 1 1 1 2 1 9 1 7 4 3 3 3 5 7 5 0 5 8 5 4 1 1 2 0 5 6 5 1 5
817 3 5 1 5 5 2 4 2 5 5 0 5 0 1 3 1 9 5 2 1 7 1 3 1 5 1 4 1
834 2 5 5 5 4 5 1 5 5 5 8 5 8 5
835 3 1 0 5 6 2 4 2 5 5 8 5
839 4 1 8 3 9 2 3 1 4 1 6 1 7 1 7 5 8 5 6 5 0 1 2 1 5 5 7 1 9 5
844 1 10
850 9 5 7 1 2 1 6 2 2 1 5 1 9 1 4 2
867 5 5 9 1 2 5
871 8 10
873 6 5
887 9 1 0 1 6 2 3 1 4 5 1 1 6 1 7 1 4 5 1 5 6 5 9 1
888 1 5 7 5 0 5 7 5 2 5 0 5 3 5
890 5 5 2 5 0 5 5 5 8 5
902 5 10 6 5
903 2 5 9 1 7 5 4 5 4 5 8 1 8 1 2 2
914 1 5
915 8 5 0 10 1 5 1 5 7 5 2 5 6 5
926 7 5 1 5 8 5 2 5
934 8 5 6 2 6 2 1 1 7 1 6 1 1 1 4 1 2 5 7 5 2 5 0 1 7 1 8 5 0 5 8 5
938 6 1 1 5
941 8 5 6 5 7 5 7 5 7 5 1 5 3 5 8 5
943 4 10
944 1 150 8 1
953 7 5
954 3 5 2 2
960 1 1 5 2 4 1 4 1 4 1
962 8 5 8 5 1 5 1 5 5 5 8 5 1 5
963 8 5 5 5 9 5 1 5 0 5 5 5 4 5 5 5
964 9 5 6 5 1 5 4 5 3 5 8 5 5 5
966 4 5 0 5 7 5 8 5 7 5 5 1 2 5
975 9 5 2 5 1 5 4 5 0 5 0 5 7 5
981 2 5 2 5 9 5 3 5 1 5
996 9 1 8 5 3 5 7 1 4 1 5 1 5 1 7 2 0 2 6 5 1 1 8 1 9 5 6 5
998 5 5 1 5 3 5 6 5 4 5 3 5 8 1 4 5 8 5
999 6 5 0 5
